4480,574,255,14,150,21,364,111,26
11244,1524,541,57,264,78,658,228,80
8999,1332,471,28,142,50,493,181,121
7173,1155,374,34,70,24,491,142,56
5457,1029,407,8,101,28,355,120,52
4321,548,425,13,46,18,317,62,76
3321,374,233,8,18,14,302,45,32
3371,439,209,6,12,16,243,46,20
4421,560,337,6,38,21,327,69,52
7355,880,390,34,50,46,430,135,49
9323,1042,621,44,66,76,486,124,68
11522,1235,537,42,142,32,555,302,54
13045,1667,655,42,114,64,644,397,99
9980,1322,568,28,84,32,423,248,94
14213,2106,812,102,142,60,587,497,532
14370,2225,749,78,285,80,619,368,237
12622,2025,746,48,116,74,606,231,198
14557,2000,710,32,199,103,637,329,128
9881,1475,461,16,86,124,410,292,65
14104,2169,713,36,219,62,571,279,144
15228,2528,699,45,127,80,636,598,118
17489,2632,1014,79,310,43,765,656,142
20235,2682,1295,133,193,128,852,1449,121
5466,763,589,32,54,32,362,335,50
15071,2363,930,131,112,88,709,541,116
11916,1706,664,60,84,60,626,460,85
10836,1583,603,44,100,94,547,408,42
8350,1080,414,28,60,42,413,285,38
6109,899,366,41,42,28,297,198,52
4375,544,208,16,14,28,335,101,22
3466,507,158,10,26,14,271,80,40
3509,404,164,10,34,30,216,109,31
5051,567,250,20,22,36,228,299,37
7201,1035,377,30,40,26,368,183,34
9105,1399,671,26,81,28,456,359,66
11397,2213,840,37,54,50,712,343,79
12373,2540,730,41,83,69,1485,358,93
14129,3009,1032,35,122,141,1095,375,124
13591,2056,1026,71,398,174,963,359,132
14354,2336,1018,61,162,236,874,304,74
13649,2182,994,46,125,94,892,312,97
12956,2308,1223,57,165,54,746,316,90
18535,2659,1228,70,118,62,1138,503,59
19540,3138,1449,55,116,223,984,414,114
8358,1441,947,36,74,62,509,288,59
7965,1396,751,8,32,56,306,389,24
20372,2755,1551,48,74,88,851,573,94
29014,2444,1565,105,115,109,752,1265,169
12852,1564,606,67,40,118,405,1622,93
23925,3699,929,125,125,121,722,1787,255
20107,3520,836,81,235,86,574,1464,202
13055,2615,486,46,84,62,468,977,77
8560,1368,312,24,48,76,347,512,130
6526,746,216,33,48,32,382,312,36
5143,649,129,18,10,23,316,271,34
10393,553,139,27,14,38,637,329,35
7777,804,241,8,26,37,410,840,89
10559,2219,355,26,46,54,464,770,100
14269,1846,433,22,144,90,593,883,143
17045,2754,652,37,123,59,792,887,152
19491,2576,823,50,161,137,901,853,169
18984,2728,927,47,142,103,881,754,61
19707,4015,982,62,82,181,1099,953,119
23551,3476,1224,58,80,144,1149,878,193
20488,3188,769,30,112,145,957,634,119
19248,3102,666,55,129,120,1317,682,103
19768,3392,909,52,124,75,993,642,111
20891,3734,969,75,142,177,932,679,87
20592,3654,980,49,94,144,1497,639,106
19422,3682,727,93,209,100,1320,546,95
18822,4585,680,89,118,152,1230,599,80
24903,5942,1124,82,212,202,2930,1684,101
34175,7611,1118,143,190,208,10833,868,91
27384,6482,942,141,163,138,5347,612,110
22157,5284,928,53,88,95,4927,380,62
14512,3176,547,251,64,75,2712,300,81
11381,2558,389,82,62,74,2566,402,52
8116,1378,217,98,36,56,1749,400,28
7854,1104,137,40,22,24,1516,109,26
6201,1027,179,14,20,39,1284,398,16
8357,1359,217,21,50,42,1482,374,48
12078,1982,400,82,78,81,2510,503,38
1045,185,37,4,3,12,231,16,11
16580,2267,684,64,46,72,3230,378,36
26748,3468,1097,99,124,168,3570,600,91
27951,3866,1150,103,129,76,3261,804,320
28820,4036,1119,91,96,154,3148,1052,148
28099,5044,883,100,86,181,2580,813,252
24657,4186,749,109,71,168,2618,587,245
27843,4051,877,156,131,327,3961,835,256
33731,4158,1230,178,283,186,3818,781,120
45469,3864,1387,176,662,223,4111,827,219
41146,3538,1586,92,465,261,4503,537,241
42057,3308,1711,107,338,173,3946,484,110
40749,3696,1321,106,191,283,3333,753,193
35339,3089,1194,182,139,96,3694,498,290
34385,2937,1089,144,111,166,3676,442,190
29738,2830,703,94,110,172,4076,317,138
23994,4847,675,58,66,107,2527,291,100
16716,7355,355,126,73,84,1357,212,92
11819,1011,348,110,38,85,1617,211,58
9104,798,279,70,56,35,771,100,48
5096,382,107,28,35,16,448,81,28
10515,627,254,34,20,14,1013,101,35
8235,774,326,86,22,36,934,118,31
12902,1243,342,147,38,58,1140,212,54
15739,1178,389,156,49,104,1432,389,198
12907,1305,393,64,25,113,1385,206,65
20518,1883,547,110,36,124,2330,373,83
12228,1092,436,57,32,42,1338,161,57
21705,1979,793,81,76,96,1989,314,74
21900,2105,639,103,74,104,1849,438,42
23227,2203,577,96,101,114,1806,319,71
21338,3079,494,93,30,89,1640,288,42
20061,2462,585,154,94,84,1471,326,89
19288,2982,621,79,61,128,1725,234,54
19153,2828,575,66,110,118,1650,304,66
18589,2234,686,94,177,114,1320,520,99
17299,2244,655,115,113,96,1278,212,72
17504,2150,716,97,54,142,1152,230,77
15781,2173,609,62,62,113,1253,186,59
13864,1828,516,39,66,213,1125,261,64
6725,968,273,37,28,52,522,128,26
11244,1374,401,66,20,111,846,136,62
7119,941,296,60,12,62,576,92,42
5990,731,221,26,12,58,889,68,26
5190,584,744,16,18,31,371,34,48
4792,872,230,22,36,24,459,72,23
5758,1393,315,24,10,27,470,48,16
9447,1385,336,55,8,34,5171,53,51
11610,1456,514,22,24,84,4236,126,50
14216,1844,733,54,34,96,4796,228,75
9490,1052,419,22,24,58,2430,94,47
9023,1155,578,67,30,92,2164,141,53
16762,2108,838,81,29,78,3247,236,58
15588,2347,776,102,50,123,3079,267,83
15719,2270,725,108,54,58,2674,254,107
17928,13958,800,74,64,98,1900,437,125
18200,2953,978,78,74,150,1878,935,89
20695,2929,1269,60,50,123,1668,914,41
19561,2660,1332,56,81,168,2029,1022,76
16523,3032,992,43,32,134,1561,756,227
14066,2855,1004,51,37,72,1788,1011,118
1929,327,110,12,0,2,272,94,20
14721,2298,1266,154,96,60,1644,453,94
14646,1819,1119,68,78,68,1536,455,82
11220,1639,694,53,58,52,1102,358,104
9396,1250,511,48,20,46,1034,332,47
7592,916,385,55,26,37,770,349,64
4918,684,216,20,6,30,525,197,32
4022,572,158,23,16,12,513,74,27
3791,430,155,16,10,16,588,124,18
4001,808,141,15,28,22,638,69,26
5616,1381,353,22,32,22,854,131,32
9703,1768,575,20,40,37,1127,219,66
17457,2256,904,63,65,104,1533,678,57
19683,2255,1056,44,95,100,1928,621,68
20528,2231,930,116,66,97,2313,741,66
20837,2180,920,43,76,86,1824,1439,130
20138,2049,1163,67,44,290,1643,511,59
21162,1936,1027,30,128,182,2048,475,58
20857,2217,908,44,225,107,1639,575,70
18672,2326,1055,70,136,90,1439,464,91
16668,1902,818,38,136,78,1183,396,80
18320,1893,904,40,112,73,1298,509,56
16797,1654,963,79,42,109,1213,430,114
16479,1655,922,71,116,64,1577,346,40
9375,863,426,56,30,74,809,354,40
14783,1637,955,82,62,74,1081,454,60
5332,632,300,16,20,52,378,165,32
11442,1249,526,40,20,223,981,348,41
8592,1015,487,32,46,296,705,216,19
5699,913,267,28,12,122,487,128,14
6571,763,214,22,12,101,582,121,12
4279,701,145,23,25,80,631,100,8
4002,761,103,8,8,80,456,86,10
7256,1171,255,63,74,88,746,177,16
8906,1034,489,110,49,158,862,267,64
14861,1241,596,74,210,149,1392,353,56
13846,2008,856,56,170,166,990,386,65
16317,1593,1186,58,160,176,1087,809,43
16068,1732,1080,50,156,180,1363,633,72
18679,2170,1292,56,298,156,1876,631,50
18089,2235,1317,40,121,160,1714,744,47
17753,1929,1086,34,92,177,1311,691,54
17969,2398,975,49,56,162,1579,901,95
18117,2288,970,55,85,604,1301,627,72
15619,1828,929,62,171,475,1060,651,50
18818,2255,1153,56,108,328,1446,591,196
20134,2666,955,78,78,279,1517,636,225
22037,2698,1322,87,84,222,1513,472,168
20313,2720,1183,37,106,175,1466,495,208
22965,2525,1239,58,130,365,1423,610,170
16502,2223,777,65,79,228,875,390,120
13127,1600,895,108,57,106,764,283,88
10285,1080,400,90,50,81,656,241,65
7365,792,294,38,16,44,569,110,54
5441,574,254,45,24,37,548,101,40
4907,434,132,24,12,30,606,118,28
5566,388,169,24,12,27,510,208,34
