4833,853,270,22,34,54,262,249,18
13123,2229,608,40,36,130,471,452,26
11009,1977,438,31,126,85,442,465,32
8309,1401,534,16,32,20,526,333,12
6341,1094,451,12,20,84,443,363,18
4217,680,251,12,22,34,302,275,16
4976,549,131,2,20,36,345,235,6
2945,430,130,2,14,16,151,143,4
4060,510,282,7,52,60,266,152,16
6290,752,234,2,16,62,298,210,22
7894,1179,629,12,42,125,392,285,20
10175,1547,615,35,34,93,605,446,34
11708,1837,757,33,89,111,596,549,39
10144,1557,726,43,45,86,437,343,19
14528,2758,697,43,37,63,837,556,123
15963,3109,792,61,62,64,748,590,85
14625,2755,878,47,44,113,1092,571,109
14360,3101,917,63,46,76,723,491,86
11161,2221,649,31,134,46,527,1371,57
16310,3431,904,57,143,94,684,870,136
17068,3265,1099,54,104,75,700,780,88
19020,3668,955,58,61,127,2133,848,40
22871,4079,1110,62,95,127,1262,844,68
6352,1332,320,8,22,26,388,269,20
19471,3778,1191,46,78,124,895,841,104
16912,3006,1080,38,40,150,1209,865,84
14786,2888,720,20,48,108,989,819,112
11346,2141,509,46,146,41,699,473,72
8425,1549,399,10,34,60,515,294,50
6158,1270,235,14,14,20,414,195,14
4739,713,230,4,16,28,281,211,18
4495,578,210,0,18,20,228,252,81
6119,884,411,17,51,37,418,906,22
8248,1462,637,10,48,42,415,489,32
13590,2293,1181,24,88,84,763,4288,40
14367,2966,1311,37,90,148,944,1051,80
16035,2822,1181,33,49,67,1379,868,44
16207,3462,1504,23,73,96,925,882,52
17599,3957,1327,39,64,160,1130,947,106
18339,3284,1309,38,74,104,1118,1135,96
19472,4105,2848,46,91,62,1137,1090,36
18352,3607,1782,44,160,71,903,1898,27
20062,5245,1984,46,182,169,1055,1635,76
24328,5337,2153,75,205,251,1245,1512,77
10053,1942,758,16,60,143,556,561,30
10179,1977,823,40,96,83,417,793,36
25273,6294,5155,50,146,154,1331,1566,97
51846,8797,2724,102,108,156,1166,13150,154
27101,4461,2686,54,77,101,862,8617,121
45111,8336,2897,101,154,256,1521,9904,200
33807,6320,2347,78,102,219,1269,7034,151
22432,4581,1720,70,28,167,828,3972,102
14829,2458,1232,64,37,90,711,2358,34
10941,1769,380,20,30,83,621,2251,28
8290,1096,396,18,24,52,463,1651,14
8468,1110,391,12,22,44,585,1447,10
12454,1454,490,18,41,46,498,2582,48
16438,3258,615,30,30,56,741,2277,58
20636,3083,738,32,106,106,930,3025,78
25469,3990,863,50,92,299,1239,3271,64
26495,4206,1127,64,131,395,1593,2525,79
25285,4203,1099,62,134,252,1424,2537,60
25460,4206,1255,42,224,230,1517,2005,44
26463,3785,993,43,110,230,1286,1760,158
24220,4208,1207,44,90,157,1321,1566,97
23107,3685,1362,34,163,189,1352,1658,106
22500,3660,1286,59,148,156,1178,1747,160
21578,4097,1090,48,107,218,823,1334,86
22391,4810,1054,107,100,191,832,1034,52
23405,5175,930,86,150,164,931,1066,79
29918,5253,968,70,78,194,1121,1047,84
29493,6312,1139,147,80,274,2129,854,150
41490,7035,1013,133,118,165,9663,931,138
32901,5576,847,120,108,343,3393,914,119
26238,3766,1130,64,80,201,3053,562,112
16886,2679,832,32,79,186,2046,536,50
12360,1857,407,39,52,94,1627,357,20
9279,1366,280,12,56,106,1138,274,17
6560,931,167,10,27,72,827,200,9
6043,862,216,6,14,51,736,211,18
8835,1330,326,28,16,62,970,279,26
13160,1667,592,106,40,100,1630,635,30
1166,141,59,6,2,7,144,35,4
18510,2707,625,57,60,137,1658,443,19
24791,3900,793,58,207,176,2890,660,92
25746,3746,920,82,116,108,1975,609,291
26581,3854,885,92,55,174,1781,463,153
25071,3876,1051,58,126,183,1720,636,311
23218,3626,891,74,146,167,1676,395,345
22510,3749,754,55,85,140,1498,556,391
20545,3791,782,83,280,217,1313,610,235
22194,4423,1061,86,88,172,1326,549,555
21950,5391,1137,208,71,161,1494,599,546
22629,5150,1078,62,95,156,1419,792,231
22475,4649,850,64,92,178,1358,755,200
23753,4006,916,82,80,190,1194,418,221
24941,4309,735,194,34,200,1656,338,166
23443,4350,810,149,38,196,1830,533,108
19739,5414,748,124,37,154,1230,292,101
16800,5975,469,56,30,74,857,361,99
10158,1740,399,66,178,72,689,364,41
8020,1217,219,42,34,78,547,204,36
4163,606,131,6,26,26,345,133,22
5849,911,197,37,18,52,519,102,25
7455,1142,246,62,30,51,567,275,24
13712,2182,359,76,34,82,905,265,42
19923,3413,425,65,60,165,1298,515,131
19563,3770,440,81,34,98,970,419,54
29403,4669,1464,122,43,233,1752,621,116
18149,2555,769,48,22,100,1152,301,43
29229,4296,1013,96,52,120,1458,653,106
28222,4269,703,110,826,157,2133,519,70
26253,4783,861,60,86,104,1744,403,120
23776,5587,715,116,45,125,1230,445,52
22474,4237,696,56,94,155,1247,575,51
21970,4773,690,38,49,190,1144,362,51
22094,4262,1116,65,94,255,1355,517,44
18933,4722,846,58,95,234,986,562,49
18135,3496,834,90,64,144,955,358,49
18922,3491,839,76,40,179,799,558,42
18549,3850,733,48,76,142,2038,430,55
16303,3131,777,71,62,227,998,403,51
8188,1546,394,32,24,163,411,214,12
11537,1781,596,98,4,155,1232,263,41
8077,1454,299,50,12,92,493,200,26
6570,1103,252,40,10,62,437,146,4
5227,1012,183,28,12,53,361,137,8
4730,934,255,28,12,52,343,145,4
5261,1219,274,24,20,88,339,92,14
9665,1452,342,52,10,155,557,210,28
11373,1810,547,45,16,119,592,278,16
15833,2839,779,36,10,197,771,3448,56
10331,1573,423,38,8,92,1015,555,24
10112,1964,570,46,60,93,571,645,38
18369,3440,1208,76,32,550,937,1229,44
19652,4273,1103,93,50,1130,1278,1133,57
19361,4190,758,75,48,866,968,1153,92
22623,4140,1123,44,54,509,1644,1312,98
33803,5558,1408,67,76,354,1401,5860,104
39701,6164,1359,87,106,385,1632,7953,91
32530,4773,1433,100,193,256,1497,3851,98
27450,4013,1296,56,68,237,1106,2818,89
22906,3600,881,49,52,418,1543,1884,73
2910,455,123,14,10,83,247,296,2
19340,3350,844,38,34,583,1059,1284,50
18510,2656,815,40,36,432,903,1300,39
14143,2620,718,54,42,300,688,1401,40
11233,2117,425,37,23,327,587,801,26
9335,1504,295,36,16,198,628,795,10
7946,1146,201,4,15,247,545,804,12
6192,876,141,25,18,114,520,458,2
5282,875,173,24,4,125,558,281,18
4850,814,242,8,12,122,460,304,10
6960,1256,256,24,12,203,675,367,9
9480,1798,414,16,11,271,767,736,26
15410,2379,556,28,36,299,918,604,46
17733,3213,769,96,28,298,1001,780,36
19234,4544,767,62,33,391,1264,846,120
19392,4027,735,123,36,259,1102,819,127
18648,4150,761,80,54,578,1309,704,45
22680,3841,958,44,95,358,1335,579,79
21403,3837,1030,75,42,376,958,693,53
19961,3497,926,68,32,357,1096,651,51
16091,3641,820,52,58,269,731,637,71
17769,3695,869,62,62,255,893,555,64
15907,3402,1510,44,38,246,905,557,38
17895,3632,1261,40,33,331,2228,887,39
9603,1751,473,24,17,180,549,221,42
19279,3027,1070,67,114,253,933,767,80
6051,1041,352,14,18,77,216,256,33
15183,2449,867,27,132,192,724,1096,727
11211,2029,629,16,72,114,732,269,37
7437,1496,269,18,32,98,532,375,53
7068,1057,851,20,19,98,640,192,14
4779,1002,348,8,138,69,586,236,12
4073,982,209,6,12,74,478,204,17
7873,1520,356,21,34,52,690,196,14
9544,1743,1006,20,55,132,726,356,22
15456,2072,975,51,73,156,1121,567,52
14975,2572,1321,31,52,186,1069,417,34
17791,2938,1661,32,52,141,1002,859,57
18168,3037,1421,56,129,290,995,770,48
18361,2772,1327,54,87,181,1813,1075,67
17868,3653,1397,24,96,181,1077,1207,96
17602,3216,992,34,54,216,840,718,45
19524,3183,1105,74,63,178,1022,1126,91
19033,3159,1181,50,147,261,773,986,83
15140,3232,894,32,67,112,673,875,32
21265,3599,1161,59,78,127,1080,1020,73
22275,3552,1095,108,92,230,1043,1038,74
24067,3650,1360,103,98,397,1277,1182,36
22622,3330,1395,58,44,324,1426,1170,40
22067,3339,1007,65,64,416,1278,1057,28
21094,2643,784,53,80,255,937,718,43
15561,2207,734,34,55,226,707,410,24
12554,1781,558,40,18,147,738,370,8
9015,1183,349,42,34,94,642,210,10
6386,770,294,54,36,56,533,239,9
4804,607,143,42,6,32,423,171,6
4095,617,169,16,4,34,448,148,2
9644,1360,703,97,22,61,452,312,18
6763,775,223,38,8,57,453,203,18
12134,1979,665,158,15,105,557,358,29
14086,2242,686,91,25,81,710,499,15
17179,2949,889,127,54,126,1030,688,34
19422,2346,980,94,73,132,1008,604,24
16811,3622,765,68,46,75,1050,671,61
18235,3202,879,86,46,134,912,527,30
19075,3141,829,80,64,161,960,571,56
19408,2725,709,26,38,157,1392,936,76
18097,2582,703,105,51,92,956,857,52
18925,2795,757,77,33,393,716,627,38
18615,3533,711,71,36,199,769,559,38
18640,3080,807,100,32,221,1446,747,39
19977,2936,866,247,50,176,1359,815,77
22437,3988,910,75,81,265,1060,911,101
19447,4497,1060,44,78,286,935,1003,76
18245,2835,951,68,41,303,1147,457,74
14472,2234,704,229,28,149,999,698,54
9255,1488,531,94,21,98,492,562,35
6416,1191,308,49,12,36,402,336,34
5179,829,333,30,6,62,336,452,5
3833,707,260,13,10,50,303,145,19
3938,697,157,22,4,91,846,118,5
7330,1374,253,28,6,86,817,231,32
10658,2133,363,37,23,106,1089,280,19
13763,2550,533,55,44,124,2464,325,33
19276,3266,613,33,41,292,1711,441,31
26898,4527,911,66,38,176,2486,560,55
29705,4433,962,54,33,489,4426,472,43
32636,6652,850,52,32,355,3398,416,36
30380,5345,833,108,50,303,2230,404,58
28024,5241,873,78,195,244,1832,644,81
26008,4024,669,98,116,268,1533,553,36
26081,3895,1069,20,73,182,1478,389,57
24529,4013,770,106,48,206,1369,846,152
26246,4336,659,52,62,338,1443,974,66
28395,4414,857,86,50,212,1775,418,122
32238,5452,1045,110,64,168,1380,855,60
32677,5612,1478,101,49,306,1537,845,72
26469,4398,1215,66,52,421,1477,520,34
28349,4991,1101,102,65,270,1363,600,65
24245,3826,1034,222,76,312,1073,367,36
17718,2545,719,125,74,216,918,309,82
6280,941,248,26,37,53,323,83,18
8744,1094,279,49,40,25,561,195,59
6352,894,230,53,40,55,356,170,25
6196,950,342,30,22,64,381,91,16
8915,1503,460,49,40,59,461,228,6
13377,1826,528,50,67,111,633,331,42
16490,2488,883,72,113,160,719,369,47
19804,2721,753,48,139,188,950,457,46
23169,3836,1258,215,113,166,1127,498,46
24450,3066,1342,172,40,110,1350,598,58
25601,3052,1086,111,121,307,1306,726,56
22561,2758,1091,291,166,171,1074,394,21
21430,2940,838,184,138,104,939,498,52
20619,3039,982,341,75,128,818,439,18
20775,3181,1064,212,39,300,1815,525,62
21395,3467,1366,144,48,130,1044,384,24
10201,1406,507,38,74,87,529,265,17
24234,3559,1841,182,182,175,1140,660,140
27168,4495,2351,174,174,426,1298,613,82
41285,5240,916,154,106,301,1997,342,136
73621,9832,1982,242,241,627,3252,1022,218
19095,2908,603,36,38,172,779,656,54
32404,4534,1831,95,153,346,1469,712,76
25980,3540,1181,118,49,254,1344,725,68
19433,2634,725,60,60,174,1321,337,34
13178,1965,395,32,50,81,975,458,36
8975,1376,323,14,31,56,542,283,20
8606,1032,318,16,24,24,652,184,16
11763,1595,496,20,26,100,818,314,8
17661,2177,659,48,103,143,1188,366,34
20216,3053,1233,76,112,190,1239,372,28
22600,2890,1393,44,242,153,1382,480,50
26395,3479,1079,74,194,228,1580,598,106
2797,379,122,15,14,21,128,76,7
1166,143,50,2,6,19,152,16,2
18181,2741,497,52,97,205,896,317,72
1226,204,35,0,6,10,77,6,0
24086,3565,1857,67,168,239,1515,394,27
23676,3376,1162,62,67,235,1388,447,45
23600,3453,1023,54,89,223,1429,361,120
23963,4691,1694,108,58,146,1419,490,115
25992,4787,1108,76,103,250,1378,380,282
31105,4457,1135,81,83,494,1350,357,232
28571,3769,928,84,62,303,1309,468,128
26593,4069,1267,96,58,480,1935,328,107
24664,2925,853,105,42,347,1139,347,69
14467,2148,589,58,50,154,635,205,56
15027,2056,580,48,72,124,763,277,61
9804,1521,284,49,30,79,563,125,28
8265,1340,208,30,28,48,389,141,24
12229,1276,206,34,32,68,698,125,48
15793,1048,182,8,30,51,731,107,8
10270,1528,240,14,30,161,822,164,16
11903,1453,259,24,58,105,810,156,26
16329,2176,610,47,54,188,1132,307,66
21194,2877,894,40,80,153,860,827,86
21929,3125,900,70,64,249,1146,905,98
23710,4044,1019,50,102,328,1517,659,74
26136,4247,1244,94,122,296,1828,539,83
25595,3515,1250,127,129,165,1127,428,73
24442,4130,1060,77,86,221,1039,430,74
21024,3573,798,74,74,122,1043,442,38
21146,3597,1542,79,106,102,1234,359,47
19397,3894,1169,38,47,244,1080,538,102
8046,2228,339,14,10,100,299,150,22
1638,401,96,8,2,6,128,18,14
21236,3675,915,88,30,346,1100,458,40
20175,4797,1061,32,48,232,950,415,61
21137,3952,1265,59,90,230,1176,425,30
20121,3148,1159,51,110,262,991,591,59
18600,2861,1194,57,57,177,865,458,68
11844,2035,878,18,38,111,623,262,42
9774,1601,653,55,29,74,695,241,21
8253,1092,477,29,41,34,683,433,21
6202,878,329,12,22,167,376,221,30
5315,736,167,28,12,111,322,137,11
5868,986,234,18,14,48,438,135,8
8963,1102,267,32,22,56,713,140,12
11046,1646,460,44,31,76,694,270,42
15521,2554,793,43,47,205,769,340,45
19431,2855,686,32,28,310,701,424,96
23857,3615,961,55,90,263,1191,375,120
14777,2629,950,59,99,233,748,407,73
20901,3556,1639,44,83,296,3677,459,83
20784,3257,1335,46,68,239,3528,559,120
20467,3497,1185,44,52,244,2827,503,69
5455,1318,337,20,10,108,650,123,18
19809,4136,1654,42,38,409,1857,671,39
20537,4021,1308,57,97,192,1536,727,58
18164,3526,1298,37,145,191,2103,830,40
19529,3539,1116,42,76,254,1535,513,106
19529,3403,1043,44,92,291,1517,545,64
19706,3356,1447,78,102,268,1499,534,100
17994,3283,1459,46,62,200,1584,641,70
15633,2965,2424,16,46,159,844,513,60
12151,2206,2261,16,40,80,2952,378,53
8482,1788,1311,24,28,121,978,278,23
526,123,74,5,0,2,68,33,2
5439,803,308,17,10,64,1182,186,32
2024,249,102,5,14,8,250,64,2
7343,999,477,30,70,72,892,251,40
11511,1836,847,24,52,251,1221,453,63
5512,841,463,20,20,90,644,115,28
16264,2379,1372,61,67,278,1710,416,81
5299,782,503,27,14,102,657,175,17
10927,2203,1622,102,63,90,1059,295,24
2915,474,144,28,12,20,193,91,13
11148,2076,1017,147,62,164,1097,382,22
19366,3530,1160,194,65,191,1362,765,37
5635,1055,445,29,15,38,394,246,6
19822,4690,1777,148,54,254,1260,937,91
2787,773,293,32,11,20,202,220,9
11932,2124,919,64,56,109,942,698,38
19064,5187,1344,87,40,95,1163,781,65
2816,721,288,12,8,30,222,112,6
13687,3043,1686,101,48,90,820,729,46
2809,480,353,10,14,25,147,135,10
8921,1828,1173,85,20,57,965,671,17
12886,2607,1455,155,56,297,814,909,94
5230,1146,509,28,18,96,270,332,26
2022,435,588,21,6,14,142,117,16
7582,1303,832,20,167,58,737,454,70
5352,1079,470,24,22,58,411,271,23
5640,1055,629,24,14,56,525,311,20
4584,774,589,10,8,56,341,569,38
10332,2102,2627,54,26,86,641,639,21
2691,615,816,2,13,58,142,230,4
10775,2412,2690,53,42,111,564,792,70
22285,4370,5255,202,116,196,1202,1239,76
0,0,0,0,0,0,0,0,0
0,0,0,0,0,0,0,0,0
0,0,0,0,0,0,0,0,0
0,0,0,0,0,0,0,0,0
0,0,0,0,0,0,0,0,0
0,0,0,0,0,0,0,0,0
28110,5875,7283,95,186,370,1513,2777,91
27608,6047,6492,111,193,347,1606,1921,126
1196,231,251,10,2,12,87,52,0
30811,5804,5599,142,104,156,1237,2187,108
30334,4108,3316,134,286,165,968,3455,242
17208,1869,1849,91,66,165,619,2399,250
35394,4280,5834,93,183,280,1640,4185,546
29879,3599,3667,106,107,412,1248,2860,379
18703,2341,2327,57,65,264,1039,1673,262
844,133,102,2,2,10,47,86,13
8653,1124,809,40,8,81,535,642,48
5990,803,638,32,14,44,450,492,57
5809,683,523,6,10,101,338,706,36
8227,1175,705,22,28,93,450,739,79
11778,1658,1393,28,89,127,563,1026,98
15466,2087,1212,18,56,132,1117,1127,274
17487,2207,1412,54,57,161,971,949,259
19230,2905,2027,48,65,191,945,1129,404
18689,2601,2210,74,65,150,932,1379,236
17665,2834,1704,64,54,129,1018,1835,140
17019,2971,2163,69,57,130,896,1215,134
14869,2306,1725,36,61,146,973,1071,104
14706,2219,1695,65,110,108,964,953,108
14412,2125,1740,56,43,141,735,863,138
15198,2192,2840,64,92,156,748,911,109
15820,2425,2556,67,34,198,973,922,77
16061,2538,2663,67,47,87,1795,779,76
16444,2343,3125,43,40,142,2110,805,58
16328,2051,2535,44,71,145,1396,983,67
16472,2164,2698,52,51,112,1226,1179,68
14678,1874,2444,28,108,318,1058,930,94
7040,975,883,32,22,96,422,430,25
8679,1139,1220,26,8,90,623,600,89
5872,999,818,14,20,86,518,431,35
4597,617,664,32,30,27,608,236,43
3929,542,511,24,33,50,433,216,16
3358,474,361,6,22,20,372,186,6
4685,863,541,16,24,60,433,650,18
9074,1019,1017,16,26,37,3141,600,44
10192,1299,878,30,24,84,2346,576,62
11682,1829,1344,14,55,116,1414,633,84
14590,2114,1223,20,46,299,1200,756,90
4311,610,421,4,26,57,381,273,25
12835,1885,1701,50,40,114,862,876,93
12416,2428,1749,53,46,131,1064,639,38
12303,3028,1447,34,32,68,910,463,44
12659,3077,1332,26,18,86,964,655,60
973,260,153,2,8,12,68,50,10
13086,3062,986,58,36,94,847,760,70
14471,3536,1115,34,32,614,866,754,60
0,0,0,0,0,0,0,0,0
13630,3604,1064,52,36,86,735,990,40
12306,3489,1150,34,42,189,745,734,74
5170,1387,408,33,17,32,362,328,24
2903,750,151,8,189,25,239,109,8
1283,236,92,12,16,6,181,59,2
6352,1638,357,22,281,35,841,267,20
5114,1224,312,20,34,36,578,207,12
3480,824,212,10,18,18,344,233,26
3050,622,189,2,14,42,286,159,14
2620,677,211,6,70,32,200,197,10
4984,944,203,6,80,14,590,178,20
5752,1159,380,10,115,30,746,287,28
7024,1648,399,8,92,50,765,286,45
8941,1722,498,22,142,80,1265,874,78
10679,2582,743,40,143,54,974,560,36
11352,2306,966,94,107,91,840,505,88
11773,2299,982,72,104,67,990,302,57
7297,1456,591,30,100,132,678,228,24
11146,2274,715,28,118,153,854,433,44
11032,2628,655,25,131,102,761,453,61
10464,2186,750,51,90,68,996,393,30
11296,2730,694,47,105,74,953,378,79
12008,3720,876,39,112,62,853,343,28
12456,3249,701,82,30,106,675,410,45
12188,2847,641,82,66,89,654,467,26
11353,2559,633,106,90,121,886,727,3
10275,2263,705,64,70,72,883,731,25
15880,5296,585,68,37,478,1038,624,34
8975,1863,451,54,42,77,702,401,20
7402,1384,428,46,132,142,474,340,18
6171,1808,471,12,44,52,486,364,20
4567,931,290,16,20,73,475,134,12
3484,680,145,12,34,20,267,111,12
2726,601,169,10,8,26,269,94,10
3971,884,191,2,8,26,351,382,16
4072,885,335,22,8,25,298,136,8
5877,1369,452,13,22,62,401,192,8
7564,2833,1123,24,18,48,637,435,10
11524,2928,2687,22,82,113,746,756,28
12199,3169,2175,32,48,126,786,494,47
12544,4892,1699,74,109,78,1510,901,30
11505,3293,959,90,148,106,1040,853,64
11887,4115,745,62,88,97,1177,813,44
12302,3163,1088,51,74,70,1349,560,46
12082,3181,1144,48,40,156,1099,527,58
12667,2976,1067,26,65,150,1131,445,16
13547,3052,1681,8,64,108,1229,461,38
12935,2787,1734,40,72,143,1057,410,78
12854,2758,1195,42,94,91,1289,358,37
11339,2774,1061,40,94,99,1273,308,38
11559,3012,1240,59,77,115,1032,389,25
10650,2874,1024,32,123,68,857,375,24
9315,2280,997,42,66,111,661,291,38
7249,1789,665,8,40,74,665,220,50
5326,1257,470,20,14,36,627,114,10
3972,1105,374,12,28,38,552,165,24
3229,695,232,12,29,38,511,72,14
2849,789,213,2,21,16,548,101,25
3777,897,280,6,10,30,943,116,14
4746,1160,633,9,66,50,1110,134,6
6789,1645,695,6,53,42,1529,282,16
11252,1969,815,51,91,66,2205,357,66
12789,2861,1319,52,76,83,1157,429,78
