36196,2071,4108,583,125,353,2424,568,200
25047,1121,3342,426,266,245,1991,336,108
21909,935,2231,290,267,214,1599,244,82
15212,725,1667,206,59,161,1251,367,45
13861,618,964,110,33,122,1013,196,32
11861,560,1212,114,55,80,1065,307,34
17354,739,1938,144,54,125,1151,402,39
23442,1373,1924,217,86,278,1695,632,109
31907,2272,3445,368,174,433,2141,780,199
36391,1974,3518,449,222,472,2257,1065,417
42539,2286,4888,601,248,470,2786,1177,167
33887,1954,4342,455,175,350,2286,895,299
49530,2787,6229,524,242,412,3229,1511,518
49405,2514,4518,665,262,457,3212,878,281
49154,2594,7032,743,199,375,2771,1729,297
49203,2566,5791,614,243,403,2814,1310,202
31502,1681,3206,461,211,234,1685,1069,98
47621,3145,4963,447,183,468,3124,1676,241
49943,2763,7477,427,142,307,2686,1406,484
50117,2829,7340,667,226,609,3487,1482,219
56559,3465,6468,785,385,634,3693,1481,422
18685,1485,3106,319,240,174,1935,597,119
55117,4211,6481,1669,385,616,4409,1473,319
46281,3370,6088,853,432,642,5057,1233,274
37531,2678,4482,989,198,586,4333,849,80
25464,1867,2735,406,153,282,2282,480,79
17963,1008,1198,325,126,169,1699,287,40
14638,582,876,151,183,182,1262,221,34
12610,597,800,108,90,179,1223,203,14
11893,608,854,152,146,188,1161,273,25
20287,1309,2036,254,166,204,2172,722,67
25078,1663,3350,246,114,285,2539,761,116
34717,2414,5588,366,131,358,3659,1162,200
45247,3916,8127,603,296,559,6564,1238,202
52271,3390,8865,856,285,460,7701,1464,172
55807,3759,15359,577,268,430,6164,1240,255
56390,3582,8740,582,204,504,8938,1130,232
54904,4384,9248,541,299,392,4865,1342,313
56351,3557,10561,445,257,500,4586,2521,334
44669,3044,8243,485,170,294,4201,947,274
54495,4165,12153,480,188,692,5319,1236,361
59604,4089,10641,456,187,581,4490,1531,295
24565,2026,4235,171,86,249,1689,699,180
28321,2186,5627,372,99,335,2057,866,179
65870,4806,9540,752,275,530,9609,3451,488
55791,2352,4517,574,215,334,5184,3439,506
30227,1010,2342,467,98,288,4180,1572,318
62444,2211,4121,4760,168,427,6752,3023,374
46680,2083,3574,1943,208,443,3581,3112,354
32225,1401,2870,1042,126,261,2184,1925,322
19135,852,1035,680,58,145,1429,759,156
19194,700,784,459,56,142,2182,1212,106
15630,563,703,348,17,122,1534,839,86
15077,559,612,478,45,132,1293,904,93
21362,806,1434,808,67,133,1953,1032,151
28656,1268,2313,1203,98,218,2816,1942,219
36935,1569,2793,1092,110,204,3048,2192,317
39590,1720,2695,978,149,284,3259,1882,256
43020,2096,3458,996,183,276,3303,1816,313
44471,2055,3402,746,171,265,3006,1490,223
41427,2395,3339,704,128,357,3005,1770,180
41682,2770,3474,684,101,463,3663,1711,178
40807,2256,2358,731,137,243,2983,1040,177
42888,2658,2841,834,147,263,3690,945,118
44544,3188,3272,755,170,254,4077,1280,110
45959,3497,3153,946,129,247,4049,1074,161
51866,3792,4063,1506,210,287,4070,1843,141
58659,3713,4570,923,165,363,3907,1636,141
54524,3932,3433,1638,146,385,4095,1391,116
49441,3584,3984,2426,145,435,3835,1255,69
46849,2854,3251,1242,249,519,4720,1570,113
45266,2399,2980,897,161,412,5511,1094,81
32698,1945,1957,583,91,309,2858,691,49
22311,1072,1347,346,85,264,2189,575,74
16859,974,1035,214,54,199,1849,569,36
12462,686,614,184,38,125,1624,277,97
10437,686,469,148,100,46,1131,201,30
11935,674,588,111,26,107,1325,269,20
16140,811,683,247,77,117,1637,426,105
21616,1384,1236,300,93,119,2389,941,128
2192,102,99,27,2,16,299,43,18
24767,1971,1349,328,226,187,3916,576,53
34355,2059,3166,359,200,287,3833,622,189
37045,2421,2924,378,236,201,4771,687,363
35455,2276,2904,353,128,323,4360,474,262
35782,2556,2777,459,247,434,2800,591,218
39423,2642,3603,785,188,394,2974,602,288
44778,2781,4783,620,320,434,4947,617,236
40927,2484,5679,680,290,350,4748,546,141
39346,2452,5627,552,254,538,5296,501,94
38751,2547,4901,434,174,284,4880,470,99
42053,2746,6418,413,281,331,4423,700,151
41750,2075,4871,388,208,399,5683,1287,258
41567,2422,4013,588,250,281,6174,845,132
40842,2491,4489,618,341,421,5246,919,177
34428,1949,3342,421,167,395,5856,667,88
32709,1633,2507,359,179,249,9644,537,74
27798,1038,1688,299,120,174,14492,553,56
15971,658,1130,215,59,121,1673,580,38
11357,670,1778,77,51,134,1683,152,22
6655,344,612,113,15,49,747,278,13
10767,470,765,199,27,53,1586,347,22
13247,953,1093,221,53,93,2087,219,36
18074,1150,1538,248,121,143,2483,215,36
29484,1487,3457,217,68,176,4338,320,61
21960,1254,2535,191,72,145,3521,292,58
33717,1534,3423,383,130,303,5014,648,78
18435,796,1994,185,86,176,2172,265,57
31097,1804,3367,288,130,310,2782,700,79
32696,2044,3592,407,144,239,3115,566,47
31259,2446,2713,331,141,225,3272,596,135
31776,2039,2572,349,90,260,4715,584,87
33198,2024,3264,380,171,330,4285,583,85
35820,2318,3245,729,82,325,5576,493,554
33258,2011,3473,599,102,488,4054,646,349
30988,1765,3353,439,54,430,3175,697,276
34573,2298,4134,409,106,409,4585,530,246
36690,2484,3745,299,159,463,3323,546,199
35017,2894,3578,450,162,1067,5455,533,163
34274,2069,3385,394,117,1221,5972,614,243
15502,973,1371,140,82,385,1987,1367,106
21352,1226,1803,176,139,391,2452,291,268
15976,998,1209,423,28,245,2309,223,122
12497,622,973,204,51,209,1890,152,88
8783,511,638,160,30,135,1322,127,64
9209,561,696,229,66,222,1830,122,55
11491,551,828,145,50,201,1868,143,156
18118,833,1157,214,106,343,2310,211,142
23250,1575,2788,328,74,705,3304,316,142
30162,2069,3081,418,177,533,4700,287,193
17103,930,1837,147,68,254,2431,170,101
19627,984,2648,225,56,279,2435,359,195
35577,2456,3243,452,115,432,5952,717,237
37334,1834,3748,418,123,529,6099,770,235
35592,1969,3163,327,88,354,5245,632,198
46100,1989,3004,324,178,319,4084,950,221
39269,2662,3348,279,157,296,3358,1089,198
32188,2259,3243,293,222,270,3633,937,155
34201,2495,4013,393,211,376,4692,1031,170
35471,2115,3966,360,224,371,4518,583,226
35067,2304,3870,450,194,521,4267,699,238
4314,282,404,31,14,84,700,97,8
35566,2175,4028,349,159,341,3899,676,142
38471,1983,3424,327,111,691,4793,821,156
34388,1514,2601,293,131,322,5239,544,108
21008,1395,2683,273,95,364,2304,453,34
17048,990,1705,116,106,203,2097,341,40
13675,560,1020,102,169,153,1473,256,35
10494,546,740,274,33,119,2113,240,31
9920,428,823,100,30,73,1961,168,16
12816,549,901,165,66,101,2766,211,55
17641,806,1978,210,68,152,2658,318,54
24876,1113,2846,166,109,221,3471,376,58
36935,1573,3357,262,87,339,4732,764,199
38303,1975,4255,455,180,479,6481,954,160
41806,2180,4737,443,146,473,6332,1094,188
42613,1985,3716,380,165,447,6384,1003,143
39873,2232,4413,743,141,474,4260,831,118
38852,2256,4164,464,87,352,3582,687,102
36723,3116,3912,587,191,374,3065,671,100
36436,2809,5575,663,137,428,3556,957,120
38397,2502,5362,849,91,291,3932,784,112
38889,3136,5808,555,70,283,3074,587,74
40089,3040,5750,401,85,263,4105,659,304
40981,2737,6009,320,206,281,5863,983,212
24877,1982,3168,220,226,201,2387,822,72
43335,3160,6050,394,241,356,4466,1245,138
14206,1232,1890,224,56,135,1422,421,46
29202,2115,3418,299,170,411,3019,843,97
20767,1477,2975,253,79,146,1803,469,32
19246,835,1512,410,45,130,1492,284,38
13029,782,1014,236,75,68,1598,267,16
10817,504,778,96,42,49,1744,211,18
11465,574,745,77,15,77,2945,182,34
15686,910,1145,119,52,96,1807,260,40
23061,1303,2137,137,83,240,2397,473,96
32101,1830,3213,156,105,252,3148,942,147
40026,2184,4303,232,311,180,4010,1020,158
44134,2179,4997,233,157,261,4032,936,90
45316,2510,5740,339,179,296,4613,955,192
43575,2367,5662,454,148,245,3195,911,179
43437,2051,5611,580,128,262,3645,787,116
46051,2335,5597,490,193,299,8581,896,229
45584,2043,6395,430,409,359,4625,1129,283
45449,2644,5256,485,603,544,3738,1325,153
38266,2408,3828,303,250,223,3048,1483,163
46827,2980,5291,399,244,344,4616,1315,184
53059,3641,5394,365,268,401,5148,1340,197
53283,3086,5862,537,258,419,4004,1289,195
47992,2880,4100,466,261,392,4017,1270,206
47620,3125,5873,551,174,405,3641,1655,189
41437,2498,4520,423,143,368,3614,1397,188
30483,1764,2911,336,79,249,3755,906,78
23398,1417,2037,237,101,121,3202,672,76
19020,1148,1237,179,51,151,2356,380,44
13745,637,992,233,60,63,2289,201,26
10751,578,682,71,22,52,2413,150,40
11124,648,745,89,35,47,1147,285,32
28838,1129,2154,160,119,197,1932,460,83
18290,927,1357,107,45,89,1455,232,60
28838,1129,2154,160,119,197,1932,460,83
18290,927,1357,107,45,89,1455,232,60
31515,1703,2813,272,116,245,2378,659,113
37054,2097,3293,378,143,241,3936,752,160
39128,2637,3659,413,124,300,3323,1185,205
46403,2536,3722,518,156,461,3571,1323,128
41171,2036,3202,395,242,561,4331,1099,98
48818,2460,3231,808,173,497,4373,1241,122
46245,1984,2888,490,240,320,3746,1898,139
48714,2388,2813,533,256,687,4660,1775,191
44436,2266,3034,684,135,466,3516,1550,359
43014,2250,2863,800,116,712,3652,1299,156
45334,2554,3230,476,124,442,2981,1192,140
44268,2059,3326,576,133,456,3791,1130,169
50804,2664,2801,563,169,430,4339,1105,110
59951,2091,3145,487,201,567,5219,1284,109
61756,3299,4324,794,151,488,5255,1581,124
49300,2408,2875,617,229,369,4277,1108,125
32681,1534,2182,340,135,352,2603,624,73
24131,2229,1768,173,166,746,1891,470,84
21672,1170,1266,200,54,221,1495,449,42
13513,781,806,148,32,77,1479,256,14
10110,609,469,85,32,112,1200,182,16
12063,635,545,68,24,157,2332,271,29
17165,912,1113,105,63,154,1848,413,67
21092,1290,1796,150,117,190,2126,596,72
27609,1769,1972,324,104,269,1860,535,138
31199,1653,2362,202,189,417,2873,1272,212
35524,2005,2577,224,148,311,3320,3066,256
34554,1786,2443,296,149,330,2752,1670,213
37329,1867,3010,311,103,375,2419,1342,525
39401,1921,2341,288,107,394,2650,1585,193
38326,2040,3050,413,194,391,3385,1362,155
38139,2136,3058,297,188,427,3221,958,183
41624,2501,3025,314,121,338,2731,721,140
39676,2098,2740,461,131,408,2408,1035,150
40226,2445,2949,833,100,301,4204,1064,148
50274,2448,2846,499,145,348,3053,878,120
50829,2613,2597,581,139,329,3003,929,187
49127,2300,2724,1640,172,267,2954,1277,125
41659,2822,2566,778,113,443,2729,595,130
35964,1644,2638,918,119,371,2398,554,115
31159,1798,2436,426,127,195,1876,520,145
22981,1338,1416,381,99,149,2988,525,59
9184,613,509,126,73,53,635,119,28
11678,600,624,143,42,81,861,189,14
9301,557,606,132,61,124,689,277,13
10222,430,478,77,44,158,785,165,36
14539,790,698,289,61,135,1160,205,46
19486,1244,1427,312,92,307,1380,414,59
25939,1806,2147,460,114,254,1700,518,129
30628,2368,3143,371,137,387,1778,734,71
33617,2209,2826,574,133,354,2123,613,64
33121,2096,3136,404,100,268,2306,640,121
35610,2017,3023,688,115,514,2304,832,114
36054,1619,2929,510,487,302,2821,684,103
39670,1861,2550,312,273,581,4252,489,163
36288,2437,2609,460,214,385,2436,455,113
34899,2300,2499,453,179,425,3940,478,122
33644,1995,2296,361,131,336,3085,424,83
15555,853,978,353,78,183,1105,291,44
38196,2280,3177,901,158,536,2306,814,88
37008,2313,2393,740,145,762,2392,994,113
16054,838,1038,285,49,281,750,386,40
23312,1469,1746,405,71,478,2063,712,55
6273,404,518,66,32,160,470,247,12
20780,1449,1392,340,66,289,1040,392,53
18779,1051,997,264,78,280,1437,362,44
16756,780,832,192,86,211,1886,299,44
11595,522,423,128,60,89,1517,160,38
9627,511,403,105,68,87,953,123,12
10556,504,394,105,18,92,904,126,16
17449,846,587,211,12,216,1285,342,22
22603,1230,865,629,66,230,1524,875,18
26217,1603,1917,299,55,375,1798,777,113
28685,1957,2042,273,97,616,2006,757,87
36798,2115,2373,421,114,441,3046,697,157
5772,211,326,141,45,80,574,86,26
2720,124,140,63,30,10,189,23,12
21640,1106,1427,1305,96,273,1547,543,40
1356,67,81,20,4,27,154,31,4
32947,1768,1941,426,238,335,3400,560,96
32583,1992,2475,418,144,284,2631,720,98
33261,2282,2345,267,154,319,3133,628,40
35224,2816,2722,325,113,414,2523,643,182
36232,2431,3277,440,284,363,3511,697,127
35532,2173,2502,210,118,455,6528,522,92
35658,2514,2560,263,116,426,3617,693,66
31702,2750,2549,211,173,332,3479,663,44
31355,2275,2174,325,162,494,2568,587,137
16809,1314,1339,166,46,400,2127,277,48
16529,1097,1356,154,82,294,1577,251,42
14321,631,933,173,82,215,1240,236,28
9305,494,463,100,36,156,1008,114,18
7815,492,489,93,25,75,770,103,6
10151,446,373,45,22,286,946,62,22
11772,611,596,70,18,155,953,185,6
16258,1424,975,62,40,232,1646,222,28
20809,1444,2086,113,42,282,2034,480,61
26883,1978,2579,232,83,499,2500,526,70
28486,1981,2729,219,292,332,3307,350,89
30518,1850,2435,382,229,830,3043,560,74
31253,2068,2509,370,382,484,3184,683,72
30698,2065,3109,402,158,279,3385,706,77
31214,1900,2865,478,137,252,4446,738,75
28798,1995,2522,311,147,464,3476,671,74
27665,1614,2590,445,165,342,2572,662,78
28278,2859,2543,254,113,264,2696,646,122
11531,1318,1024,108,42,126,954,234,30
3199,259,225,68,18,32,699,85,12
39088,2555,3014,1037,128,279,2826,810,82
37910,2498,3280,489,171,512,4142,1099,345
33247,2874,3040,375,92,481,3341,779,221
26369,1879,2828,263,65,354,2274,716,212
22024,1955,2088,146,89,225,1582,768,138
17508,1146,1403,169,74,163,1444,404,108
13688,953,1040,88,45,141,1991,313,123
11039,623,698,59,46,63,999,202,32
10688,603,707,35,72,76,1547,210,108
8021,462,554,82,62,65,772,118,14
11849,644,592,100,76,63,975,177,24
14779,976,996,224,91,144,2015,298,78
19810,1314,1557,105,88,175,2087,456,117
26918,1575,2073,161,143,272,1530,482,123
33008,1571,2591,286,216,267,2270,531,124
33638,1806,3940,276,134,524,2948,401,119
24150,1241,2101,234,157,269,1584,353,113
38352,2174,2736,342,196,289,3875,791,398
37510,1821,3521,494,158,246,4161,883,314
42158,2085,3309,354,248,252,2388,568,216
10365,511,979,98,41,177,1141,148,74
38884,2213,3751,454,163,304,3125,868,161
34991,2695,4205,451,147,308,2995,945,146
35411,2298,3419,278,119,373,3841,965,174
36621,1893,3966,559,90,218,3246,822,163
38733,2129,3451,431,101,298,4411,747,150
36472,2725,3199,319,101,433,4907,614,100
32222,2148,3111,373,82,331,3853,519,173
29449,1534,3507,207,73,216,2357,364,77
21152,1142,2406,174,52,150,2189,264,63
17770,955,2736,102,296,112,2978,186,35
1056,42,107,6,4,10,105,8,10
11870,384,532,66,57,79,1265,89,24
6708,242,319,20,24,21,566,57,6
15977,806,819,48,71,314,1697,310,184
19617,1067,1255,140,58,175,1541,472,68
9680,479,843,95,54,81,885,243,40
28104,1498,2499,154,146,188,2695,641,72
9993,476,961,60,60,74,752,214,38
20229,1004,1839,151,116,133,1610,296,35
5444,237,531,36,12,24,447,205,12
21842,1114,1995,101,71,160,1899,416,59
39835,2166,2862,356,100,251,2395,889,87
10877,627,858,54,28,87,591,237,27
35578,2175,3884,623,202,254,2827,1002,60
5081,346,398,39,35,42,364,119,30
20231,1663,1586,264,138,100,2774,549,58
32460,2246,2639,263,139,327,2733,652,113
6298,292,422,40,19,37,966,94,23
29366,1808,2196,184,91,345,1842,853,36
6343,299,595,39,45,40,444,104,20
17661,897,1654,112,39,144,1622,369,22
30294,1449,2014,242,65,216,2124,554,49
11619,446,1080,65,30,68,675,261,16
4581,194,362,36,10,28,282,90,2
14682,641,1369,129,56,56,1113,709,26
12976,514,837,84,56,67,881,439,10
15947,688,1631,84,38,68,1798,423,65
12646,631,894,119,25,60,1446,380,12
23261,950,2326,644,60,152,2005,1041,62
6093,279,699,99,28,51,380,174,13
23732,1178,2968,269,106,271,1968,677,48
44459,2572,5070,527,170,393,3490,2024,119
44776,2950,5723,571,161,409,2991,1657,309
50574,4293,6545,544,127,1018,3654,1818,232
2147,171,268,26,4,75,154,73,8
49342,3852,4811,465,121,865,3852,2139,102
90968,3454,4269,1099,276,628,4529,17480,344
33680,1363,3420,543,129,403,2229,5374,405
67005,3722,6693,580,354,963,4857,13633,765
56324,2697,5187,570,402,781,3697,8670,444
43387,1769,3354,533,188,761,3058,5609,354
2346,113,135,4,8,14,129,325,6
18686,796,1140,147,72,434,1597,2600,54
17717,775,1005,116,67,200,1516,2508,75
19693,931,1063,80,89,258,1552,3183,73
24240,1128,1361,171,138,356,1699,4755,167
33488,1538,2110,186,219,567,2697,4031,190
39554,1991,3025,291,282,532,2882,3741,304
41858,1977,3392,431,233,671,3105,3448,388
43232,2029,3029,367,169,460,4290,3836,219
45919,2500,3590,447,297,403,2954,4006,306
44929,2210,3632,517,154,478,3721,3938,264
44040,2042,3725,416,259,351,3768,4555,217
40891,2423,3749,298,187,320,4581,3516,157
42716,1955,3129,557,200,379,4200,2868,178
45914,2286,3811,547,156,289,3495,2423,144
40152,2446,2970,594,101,231,3270,2847,220
42184,2580,3045,4374,134,253,3844,3036,216
47170,2567,12100,502,155,334,4775,2445,185
45322,2627,7075,469,200,473,3944,2368,175
43915,2325,7599,472,214,299,3860,1896,269
42190,2949,6307,384,259,372,3947,2109,182
35862,2774,4484,407,175,356,3426,1758,170
17177,1111,1929,203,105,165,1441,791,30
24724,1405,2136,192,110,157,2166,1005,122
18313,833,1672,142,47,131,1547,660,117
11648,671,992,134,56,90,1092,498,27
9445,620,866,62,37,78,1106,862,23
10044,607,801,84,56,64,1420,438,22
14727,789,1177,110,53,92,1482,1592,44
24530,1125,1935,122,70,130,2053,1563,105
30324,1328,2712,184,80,312,2273,988,62
37424,1716,2816,378,93,247,3115,1062,93
45268,1910,2754,424,104,607,5041,1070,180
14570,472,952,118,38,91,1046,448,74
40805,1500,2753,305,109,551,4162,1215,123
68496,1819,2557,265,167,415,9264,1059,1879
67705,1582,2358,6045,163,327,9825,947,534
69232,2049,3110,458,139,385,6286,857,304
6164,164,232,40,20,20,582,69,10
65347,2390,3002,388,94,452,5307,905,369
70522,2214,2640,400,163,741,5545,1074,391
63624,2332,3084,589,207,302,5652,1095,359
54799,2027,2904,333,147,370,5913,984,220
27970,1103,1475,153,38,169,4826,333,165
10513,388,1407,72,66,60,1180,195,68
4175,203,325,96,12,33,393,38,58
23920,1152,2459,146,153,120,2434,517,177
17382,816,1250,255,87,95,1855,271,175
12246,603,921,73,87,85,1249,226,33
9332,524,624,44,39,52,1176,163,23
11280,675,1021,62,41,56,1423,144,26
17884,863,1194,98,129,110,2028,254,14
22108,1118,1600,206,210,326,2299,345,78
27856,1546,2375,285,245,214,2697,444,57
32161,2231,2553,821,222,207,3596,911,188
36241,2277,3037,611,237,246,3434,744,119
39674,2622,3182,572,234,229,3169,891,185
39822,2232,2794,374,267,231,3731,655,229
24822,1529,1729,194,153,150,2521,487,90
38654,2595,3083,1957,152,381,3281,804,128
40463,2808,2745,3546,301,245,3402,680,135
37297,2670,2873,381,623,414,2968,692,112
40807,2931,2758,439,389,309,4453,1040,127
43753,2935,3892,409,359,369,3640,630,65
40677,3117,3428,453,189,310,3510,807,137
39407,3146,3466,525,168,264,3669,808,105
39890,2654,3229,471,182,276,4001,1023,76
36938,2667,3760,486,102,279,3359,1267,107
31483,2509,3038,529,117,677,3350,1017,61
24669,1714,1983,491,68,258,3721,579,145
17928,1173,1541,247,92,155,1845,396,210
15171,788,1204,255,48,107,1842,289,130
11842,484,632,132,74,121,1378,212,24
8410,393,628,81,31,71,1093,133,66
9123,400,449,94,48,64,1068,141,12
11371,585,774,200,39,129,1094,301,20
15985,1232,1097,160,33,106,1456,470,30
21379,1646,2168,218,46,139,2009,599,44
28814,2053,2839,618,127,259,2159,838,66
35390,2238,8269,654,107,256,2781,938,130
38999,2795,5968,480,173,713,4760,758,95
34240,2623,4894,469,67,562,3207,726,136
33139,2267,4574,470,125,337,2884,824,138
32563,2611,4707,564,215,351,2469,672,107
33275,2404,4089,441,178,297,3062,581,103
35453,2618,4062,5498,167,389,3167,555,84
35424,2515,4445,472,219,489,3893,925,76
29987,2684,4134,425,164,379,3458,809,62
31641,2668,3715,300,130,369,4543,645,65
29981,2414,3236,434,137,296,3656,598,86
30480,2029,3288,3542,146,300,3007,689,120
26847,2375,3875,362,145,238,2356,519,117
24864,2162,2708,432,78,270,2231,700,104
23020,1859,3825,295,112,167,3868,430,53
20275,1456,2149,250,61,194,3870,405,54
13801,974,1475,312,31,137,1964,307,38
9649,682,1180,178,96,92,1549,161,26
7641,612,1023,169,34,78,1375,131,12
10158,553,739,133,33,75,1959,148,24
11578,832,955,308,34,165,3049,166,32
15271,1176,1220,109,97,107,3344,310,32
22094,2122,2536,191,83,156,6431,460,60
29792,2574,2920,215,158,282,6541,672,96
36136,2299,3045,312,155,313,4528,802,108
