[[34019, 1945, 4008, 471, 187, 333, 2280, 900, 206], [36863, 2458, 5839, 432, 177, 358, 3995, 1152, 199], [36693, 2097, 2643, 966, 126, 269, 2987, 1443, 171], [28479, 1761, 2731, 380, 163, 257, 3307, 560, 135], [25273, 1505, 2482, 308, 97, 266, 3908, 454, 116], [23907, 1433, 2295, 271, 109, 325, 3137, 498, 153], [29166, 1775, 3399, 352, 120, 282, 3596, 623, 104], [34000, 1949, 3786, 319, 178, 255, 3370, 844, 128], [32071, 1665, 2355, 358, 117, 295, 2939, 842, 112], [32009, 1757, 2172, 322, 118, 313, 2600, 932, 137], [26517, 1583, 1963, 424, 129, 305, 2003, 481, 83], [20280, 1226, 1322, 294, 86, 256, 1839, 431, 58], [21019, 1476, 1729, 243, 110, 296, 2144, 411, 54], [24210, 1472, 2171, 235, 109, 228, 2173, 509, 138], [18248, 1057, 1638, 154, 81, 150, 1767, 352, 59], [15464, 917, 1619, 169, 48, 166, 1204, 539, 47], [36686, 1853, 3406, 531, 175, 413, 2995, 3905, 230], [32840, 1349, 2137, 477, 98, 254, 3241, 920, 218], [26602, 1671, 2092, 491, 184, 195, 2623, 504, 104], [25134, 1812, 3009, 572, 105, 284, 2594, 595, 84]]
[34019, 1945, 4008, 471, 187, 333, 2280, 900, 206]
[36863, 2458, 5839, 432, 177, 358, 3995, 1152, 199]
[36693, 2097, 2643, 966, 126, 269, 2987, 1443, 171]
[28479, 1761, 2731, 380, 163, 257, 3307, 560, 135]
[25273, 1505, 2482, 308, 97, 266, 3908, 454, 116]
[23907, 1433, 2295, 271, 109, 325, 3137, 498, 153]
[29166, 1775, 3399, 352, 120, 282, 3596, 623, 104]
[34000, 1949, 3786, 319, 178, 255, 3370, 844, 128]
[32071, 1665, 2355, 358, 117, 295, 2939, 842, 112]
[32009, 1757, 2172, 322, 118, 313, 2600, 932, 137]
[26517, 1583, 1963, 424, 129, 305, 2003, 481, 83]
[20280, 1226, 1322, 294, 86, 256, 1839, 431, 58]
[21019, 1476, 1729, 243, 110, 296, 2144, 411, 54]
[24210, 1472, 2171, 235, 109, 228, 2173, 509, 138]
[18248, 1057, 1638, 154, 81, 150, 1767, 352, 59]
[15464, 917, 1619, 169, 48, 166, 1204, 539, 47]
[36686, 1853, 3406, 531, 175, 413, 2995, 3905, 230]
[32840, 1349, 2137, 477, 98, 254, 3241, 920, 218]
[26602, 1671, 2092, 491, 184, 195, 2623, 504, 104]
[25134, 1812, 3009, 572, 105, 284, 2594, 595, 84]
------------- X axis -----------------

34019.0 1945.0 4008.0 471.0 187.0 333.0 2280.0 900.0 206.0 
36863.0 2458.0 5839.0 432.0 177.0 358.0 3995.0 1152.0 199.0 
36693.0 2097.0 2643.0 966.0 126.0 269.0 2987.0 1443.0 171.0 
28479.0 1761.0 2731.0 380.0 163.0 257.0 3307.0 560.0 135.0 
25273.0 1505.0 2482.0 308.0 97.0 266.0 3908.0 454.0 116.0 
23907.0 1433.0 2295.0 271.0 109.0 325.0 3137.0 498.0 153.0 
29166.0 1775.0 3399.0 352.0 120.0 282.0 3596.0 623.0 104.0 
34000.0 1949.0 3786.0 319.0 178.0 255.0 3370.0 844.0 128.0 
32071.0 1665.0 2355.0 358.0 117.0 295.0 2939.0 842.0 112.0 
32009.0 1757.0 2172.0 322.0 118.0 313.0 2600.0 932.0 137.0 
26517.0 1583.0 1963.0 424.0 129.0 305.0 2003.0 481.0 83.0 
20280.0 1226.0 1322.0 294.0 86.0 256.0 1839.0 431.0 58.0 
21019.0 1476.0 1729.0 243.0 110.0 296.0 2144.0 411.0 54.0 
24210.0 1472.0 2171.0 235.0 109.0 228.0 2173.0 509.0 138.0 
18248.0 1057.0 1638.0 154.0 81.0 150.0 1767.0 352.0 59.0 
15464.0 917.0 1619.0 169.0 48.0 166.0 1204.0 539.0 47.0 
36686.0 1853.0 3406.0 531.0 175.0 413.0 2995.0 3905.0 230.0 
32840.0 1349.0 2137.0 477.0 98.0 254.0 3241.0 920.0 218.0 
26602.0 1671.0 2092.0 491.0 184.0 195.0 2623.0 504.0 104.0 
25134.0 1812.0 3009.0 572.0 105.0 284.0 2594.0 595.0 84.0 
------------- Y axis -----------------

[ 40.  45.  42.  37.  38.  40.  41.  42.  41.  40.  41.  47.  46.  43.  43.
  30.  34.  49.  31.  36.]
------------- xInput -----------------

36196.0 2071.0 4108.0 583.0 125.0 353.0 2424.0 568.0 200.0 
25047.0 1121.0 3342.0 426.0 266.0 245.0 1991.0 336.0 108.0 
21909.0 935.0 2231.0 290.0 267.0 214.0 1599.0 244.0 82.0 
15212.0 725.0 1667.0 206.0 59.0 161.0 1251.0 367.0 45.0 
13861.0 618.0 964.0 110.0 33.0 122.0 1013.0 196.0 32.0 
11861.0 560.0 1212.0 114.0 55.0 80.0 1065.0 307.0 34.0 
17354.0 739.0 1938.0 144.0 54.0 125.0 1151.0 402.0 39.0 
23442.0 1373.0 1924.0 217.0 86.0 278.0 1695.0 632.0 109.0 
31907.0 2272.0 3445.0 368.0 174.0 433.0 2141.0 780.0 199.0 
36391.0 1974.0 3518.0 449.0 222.0 472.0 2257.0 1065.0 417.0 
42539.0 2286.0 4888.0 601.0 248.0 470.0 2786.0 1177.0 167.0 
33887.0 1954.0 4342.0 455.0 175.0 350.0 2286.0 895.0 299.0 
49530.0 2787.0 6229.0 524.0 242.0 412.0 3229.0 1511.0 518.0 
49405.0 2514.0 4518.0 665.0 262.0 457.0 3212.0 878.0 281.0 
49154.0 2594.0 7032.0 743.0 199.0 375.0 2771.0 1729.0 297.0 
49203.0 2566.0 5791.0 614.0 243.0 403.0 2814.0 1310.0 202.0 
31502.0 1681.0 3206.0 461.0 211.0 234.0 1685.0 1069.0 98.0 
47621.0 3145.0 4963.0 447.0 183.0 468.0 3124.0 1676.0 241.0 
49943.0 2763.0 7477.0 427.0 142.0 307.0 2686.0 1406.0 484.0 
50117.0 2829.0 7340.0 667.0 226.0 609.0 3487.0 1482.0 219.0 
56559.0 3465.0 6468.0 785.0 385.0 634.0 3693.0 1481.0 422.0 
18685.0 1485.0 3106.0 319.0 240.0 174.0 1935.0 597.0 119.0 
55117.0 4211.0 6481.0 1669.0 385.0 616.0 4409.0 1473.0 319.0 
46281.0 3370.0 6088.0 853.0 432.0 642.0 5057.0 1233.0 274.0 
37531.0 2678.0 4482.0 989.0 198.0 586.0 4333.0 849.0 80.0 
25464.0 1867.0 2735.0 406.0 153.0 282.0 2282.0 480.0 79.0 
17963.0 1008.0 1198.0 325.0 126.0 169.0 1699.0 287.0 40.0 
14638.0 582.0 876.0 151.0 183.0 182.0 1262.0 221.0 34.0 
12610.0 597.0 800.0 108.0 90.0 179.0 1223.0 203.0 14.0 
11893.0 608.0 854.0 152.0 146.0 188.0 1161.0 273.0 25.0 
20287.0 1309.0 2036.0 254.0 166.0 204.0 2172.0 722.0 67.0 
25078.0 1663.0 3350.0 246.0 114.0 285.0 2539.0 761.0 116.0 
34717.0 2414.0 5588.0 366.0 131.0 358.0 3659.0 1162.0 200.0 
45247.0 3916.0 8127.0 603.0 296.0 559.0 6564.0 1238.0 202.0 
52271.0 3390.0 8865.0 856.0 285.0 460.0 7701.0 1464.0 172.0 
55807.0 3759.0 15359.0 577.0 268.0 430.0 6164.0 1240.0 255.0 
56390.0 3582.0 8740.0 582.0 204.0 504.0 8938.0 1130.0 232.0 
54904.0 4384.0 9248.0 541.0 299.0 392.0 4865.0 1342.0 313.0 
56351.0 3557.0 10561.0 445.0 257.0 500.0 4586.0 2521.0 334.0 
44669.0 3044.0 8243.0 485.0 170.0 294.0 4201.0 947.0 274.0 
54495.0 4165.0 12153.0 480.0 188.0 692.0 5319.0 1236.0 361.0 
59604.0 4089.0 10641.0 456.0 187.0 581.0 4490.0 1531.0 295.0 
24565.0 2026.0 4235.0 171.0 86.0 249.0 1689.0 699.0 180.0 
28321.0 2186.0 5627.0 372.0 99.0 335.0 2057.0 866.0 179.0 
65870.0 4806.0 9540.0 752.0 275.0 530.0 9609.0 3451.0 488.0 
55791.0 2352.0 4517.0 574.0 215.0 334.0 5184.0 3439.0 506.0 
30227.0 1010.0 2342.0 467.0 98.0 288.0 4180.0 1572.0 318.0 
62444.0 2211.0 4121.0 4760.0 168.0 427.0 6752.0 3023.0 374.0 
46680.0 2083.0 3574.0 1943.0 208.0 443.0 3581.0 3112.0 354.0 
32225.0 1401.0 2870.0 1042.0 126.0 261.0 2184.0 1925.0 322.0 
19135.0 852.0 1035.0 680.0 58.0 145.0 1429.0 759.0 156.0 
19194.0 700.0 784.0 459.0 56.0 142.0 2182.0 1212.0 106.0 
15630.0 563.0 703.0 348.0 17.0 122.0 1534.0 839.0 86.0 
15077.0 559.0 612.0 478.0 45.0 132.0 1293.0 904.0 93.0 
21362.0 806.0 1434.0 808.0 67.0 133.0 1953.0 1032.0 151.0 
28656.0 1268.0 2313.0 1203.0 98.0 218.0 2816.0 1942.0 219.0 
36935.0 1569.0 2793.0 1092.0 110.0 204.0 3048.0 2192.0 317.0 
39590.0 1720.0 2695.0 978.0 149.0 284.0 3259.0 1882.0 256.0 
43020.0 2096.0 3458.0 996.0 183.0 276.0 3303.0 1816.0 313.0 
44471.0 2055.0 3402.0 746.0 171.0 265.0 3006.0 1490.0 223.0 
41427.0 2395.0 3339.0 704.0 128.0 357.0 3005.0 1770.0 180.0 
41682.0 2770.0 3474.0 684.0 101.0 463.0 3663.0 1711.0 178.0 
40807.0 2256.0 2358.0 731.0 137.0 243.0 2983.0 1040.0 177.0 
42888.0 2658.0 2841.0 834.0 147.0 263.0 3690.0 945.0 118.0 
44544.0 3188.0 3272.0 755.0 170.0 254.0 4077.0 1280.0 110.0 
45959.0 3497.0 3153.0 946.0 129.0 247.0 4049.0 1074.0 161.0 
51866.0 3792.0 4063.0 1506.0 210.0 287.0 4070.0 1843.0 141.0 
58659.0 3713.0 4570.0 923.0 165.0 363.0 3907.0 1636.0 141.0 
54524.0 3932.0 3433.0 1638.0 146.0 385.0 4095.0 1391.0 116.0 
49441.0 3584.0 3984.0 2426.0 145.0 435.0 3835.0 1255.0 69.0 
46849.0 2854.0 3251.0 1242.0 249.0 519.0 4720.0 1570.0 113.0 
45266.0 2399.0 2980.0 897.0 161.0 412.0 5511.0 1094.0 81.0 
32698.0 1945.0 1957.0 583.0 91.0 309.0 2858.0 691.0 49.0 
22311.0 1072.0 1347.0 346.0 85.0 264.0 2189.0 575.0 74.0 
16859.0 974.0 1035.0 214.0 54.0 199.0 1849.0 569.0 36.0 
12462.0 686.0 614.0 184.0 38.0 125.0 1624.0 277.0 97.0 
10437.0 686.0 469.0 148.0 100.0 46.0 1131.0 201.0 30.0 
11935.0 674.0 588.0 111.0 26.0 107.0 1325.0 269.0 20.0 
16140.0 811.0 683.0 247.0 77.0 117.0 1637.0 426.0 105.0 
21616.0 1384.0 1236.0 300.0 93.0 119.0 2389.0 941.0 128.0 
2192.0 102.0 99.0 27.0 2.0 16.0 299.0 43.0 18.0 
24767.0 1971.0 1349.0 328.0 226.0 187.0 3916.0 576.0 53.0 
34355.0 2059.0 3166.0 359.0 200.0 287.0 3833.0 622.0 189.0 
37045.0 2421.0 2924.0 378.0 236.0 201.0 4771.0 687.0 363.0 
35455.0 2276.0 2904.0 353.0 128.0 323.0 4360.0 474.0 262.0 
35782.0 2556.0 2777.0 459.0 247.0 434.0 2800.0 591.0 218.0 
39423.0 2642.0 3603.0 785.0 188.0 394.0 2974.0 602.0 288.0 
44778.0 2781.0 4783.0 620.0 320.0 434.0 4947.0 617.0 236.0 
40927.0 2484.0 5679.0 680.0 290.0 350.0 4748.0 546.0 141.0 
39346.0 2452.0 5627.0 552.0 254.0 538.0 5296.0 501.0 94.0 
38751.0 2547.0 4901.0 434.0 174.0 284.0 4880.0 470.0 99.0 
42053.0 2746.0 6418.0 413.0 281.0 331.0 4423.0 700.0 151.0 
41750.0 2075.0 4871.0 388.0 208.0 399.0 5683.0 1287.0 258.0 
41567.0 2422.0 4013.0 588.0 250.0 281.0 6174.0 845.0 132.0 
40842.0 2491.0 4489.0 618.0 341.0 421.0 5246.0 919.0 177.0 
34428.0 1949.0 3342.0 421.0 167.0 395.0 5856.0 667.0 88.0 
32709.0 1633.0 2507.0 359.0 179.0 249.0 9644.0 537.0 74.0 
27798.0 1038.0 1688.0 299.0 120.0 174.0 14492.0 553.0 56.0 
15971.0 658.0 1130.0 215.0 59.0 121.0 1673.0 580.0 38.0 
11357.0 670.0 1778.0 77.0 51.0 134.0 1683.0 152.0 22.0 
6655.0 344.0 612.0 113.0 15.0 49.0 747.0 278.0 13.0 
10767.0 470.0 765.0 199.0 27.0 53.0 1586.0 347.0 22.0 
13247.0 953.0 1093.0 221.0 53.0 93.0 2087.0 219.0 36.0 
18074.0 1150.0 1538.0 248.0 121.0 143.0 2483.0 215.0 36.0 
29484.0 1487.0 3457.0 217.0 68.0 176.0 4338.0 320.0 61.0 
21960.0 1254.0 2535.0 191.0 72.0 145.0 3521.0 292.0 58.0 
33717.0 1534.0 3423.0 383.0 130.0 303.0 5014.0 648.0 78.0 
18435.0 796.0 1994.0 185.0 86.0 176.0 2172.0 265.0 57.0 
31097.0 1804.0 3367.0 288.0 130.0 310.0 2782.0 700.0 79.0 
32696.0 2044.0 3592.0 407.0 144.0 239.0 3115.0 566.0 47.0 
31259.0 2446.0 2713.0 331.0 141.0 225.0 3272.0 596.0 135.0 
31776.0 2039.0 2572.0 349.0 90.0 260.0 4715.0 584.0 87.0 
33198.0 2024.0 3264.0 380.0 171.0 330.0 4285.0 583.0 85.0 
35820.0 2318.0 3245.0 729.0 82.0 325.0 5576.0 493.0 554.0 
33258.0 2011.0 3473.0 599.0 102.0 488.0 4054.0 646.0 349.0 
30988.0 1765.0 3353.0 439.0 54.0 430.0 3175.0 697.0 276.0 
34573.0 2298.0 4134.0 409.0 106.0 409.0 4585.0 530.0 246.0 
36690.0 2484.0 3745.0 299.0 159.0 463.0 3323.0 546.0 199.0 
35017.0 2894.0 3578.0 450.0 162.0 1067.0 5455.0 533.0 163.0 
34274.0 2069.0 3385.0 394.0 117.0 1221.0 5972.0 614.0 243.0 
15502.0 973.0 1371.0 140.0 82.0 385.0 1987.0 1367.0 106.0 
21352.0 1226.0 1803.0 176.0 139.0 391.0 2452.0 291.0 268.0 
15976.0 998.0 1209.0 423.0 28.0 245.0 2309.0 223.0 122.0 
12497.0 622.0 973.0 204.0 51.0 209.0 1890.0 152.0 88.0 
8783.0 511.0 638.0 160.0 30.0 135.0 1322.0 127.0 64.0 
9209.0 561.0 696.0 229.0 66.0 222.0 1830.0 122.0 55.0 
11491.0 551.0 828.0 145.0 50.0 201.0 1868.0 143.0 156.0 
18118.0 833.0 1157.0 214.0 106.0 343.0 2310.0 211.0 142.0 
23250.0 1575.0 2788.0 328.0 74.0 705.0 3304.0 316.0 142.0 
30162.0 2069.0 3081.0 418.0 177.0 533.0 4700.0 287.0 193.0 
17103.0 930.0 1837.0 147.0 68.0 254.0 2431.0 170.0 101.0 
19627.0 984.0 2648.0 225.0 56.0 279.0 2435.0 359.0 195.0 
35577.0 2456.0 3243.0 452.0 115.0 432.0 5952.0 717.0 237.0 
37334.0 1834.0 3748.0 418.0 123.0 529.0 6099.0 770.0 235.0 
35592.0 1969.0 3163.0 327.0 88.0 354.0 5245.0 632.0 198.0 
46100.0 1989.0 3004.0 324.0 178.0 319.0 4084.0 950.0 221.0 
39269.0 2662.0 3348.0 279.0 157.0 296.0 3358.0 1089.0 198.0 
32188.0 2259.0 3243.0 293.0 222.0 270.0 3633.0 937.0 155.0 
34201.0 2495.0 4013.0 393.0 211.0 376.0 4692.0 1031.0 170.0 
35471.0 2115.0 3966.0 360.0 224.0 371.0 4518.0 583.0 226.0 
35067.0 2304.0 3870.0 450.0 194.0 521.0 4267.0 699.0 238.0 
4314.0 282.0 404.0 31.0 14.0 84.0 700.0 97.0 8.0 
35566.0 2175.0 4028.0 349.0 159.0 341.0 3899.0 676.0 142.0 
38471.0 1983.0 3424.0 327.0 111.0 691.0 4793.0 821.0 156.0 
34388.0 1514.0 2601.0 293.0 131.0 322.0 5239.0 544.0 108.0 
21008.0 1395.0 2683.0 273.0 95.0 364.0 2304.0 453.0 34.0 
17048.0 990.0 1705.0 116.0 106.0 203.0 2097.0 341.0 40.0 
13675.0 560.0 1020.0 102.0 169.0 153.0 1473.0 256.0 35.0 
10494.0 546.0 740.0 274.0 33.0 119.0 2113.0 240.0 31.0 
9920.0 428.0 823.0 100.0 30.0 73.0 1961.0 168.0 16.0 
12816.0 549.0 901.0 165.0 66.0 101.0 2766.0 211.0 55.0 
17641.0 806.0 1978.0 210.0 68.0 152.0 2658.0 318.0 54.0 
24876.0 1113.0 2846.0 166.0 109.0 221.0 3471.0 376.0 58.0 
36935.0 1573.0 3357.0 262.0 87.0 339.0 4732.0 764.0 199.0 
38303.0 1975.0 4255.0 455.0 180.0 479.0 6481.0 954.0 160.0 
41806.0 2180.0 4737.0 443.0 146.0 473.0 6332.0 1094.0 188.0 
42613.0 1985.0 3716.0 380.0 165.0 447.0 6384.0 1003.0 143.0 
39873.0 2232.0 4413.0 743.0 141.0 474.0 4260.0 831.0 118.0 
38852.0 2256.0 4164.0 464.0 87.0 352.0 3582.0 687.0 102.0 
36723.0 3116.0 3912.0 587.0 191.0 374.0 3065.0 671.0 100.0 
36436.0 2809.0 5575.0 663.0 137.0 428.0 3556.0 957.0 120.0 
38397.0 2502.0 5362.0 849.0 91.0 291.0 3932.0 784.0 112.0 
38889.0 3136.0 5808.0 555.0 70.0 283.0 3074.0 587.0 74.0 
40089.0 3040.0 5750.0 401.0 85.0 263.0 4105.0 659.0 304.0 
40981.0 2737.0 6009.0 320.0 206.0 281.0 5863.0 983.0 212.0 
24877.0 1982.0 3168.0 220.0 226.0 201.0 2387.0 822.0 72.0 
43335.0 3160.0 6050.0 394.0 241.0 356.0 4466.0 1245.0 138.0 
14206.0 1232.0 1890.0 224.0 56.0 135.0 1422.0 421.0 46.0 
29202.0 2115.0 3418.0 299.0 170.0 411.0 3019.0 843.0 97.0 
20767.0 1477.0 2975.0 253.0 79.0 146.0 1803.0 469.0 32.0 
19246.0 835.0 1512.0 410.0 45.0 130.0 1492.0 284.0 38.0 
13029.0 782.0 1014.0 236.0 75.0 68.0 1598.0 267.0 16.0 
10817.0 504.0 778.0 96.0 42.0 49.0 1744.0 211.0 18.0 
11465.0 574.0 745.0 77.0 15.0 77.0 2945.0 182.0 34.0 
15686.0 910.0 1145.0 119.0 52.0 96.0 1807.0 260.0 40.0 
23061.0 1303.0 2137.0 137.0 83.0 240.0 2397.0 473.0 96.0 
32101.0 1830.0 3213.0 156.0 105.0 252.0 3148.0 942.0 147.0 
40026.0 2184.0 4303.0 232.0 311.0 180.0 4010.0 1020.0 158.0 
44134.0 2179.0 4997.0 233.0 157.0 261.0 4032.0 936.0 90.0 
45316.0 2510.0 5740.0 339.0 179.0 296.0 4613.0 955.0 192.0 
43575.0 2367.0 5662.0 454.0 148.0 245.0 3195.0 911.0 179.0 
43437.0 2051.0 5611.0 580.0 128.0 262.0 3645.0 787.0 116.0 
46051.0 2335.0 5597.0 490.0 193.0 299.0 8581.0 896.0 229.0 
45584.0 2043.0 6395.0 430.0 409.0 359.0 4625.0 1129.0 283.0 
45449.0 2644.0 5256.0 485.0 603.0 544.0 3738.0 1325.0 153.0 
38266.0 2408.0 3828.0 303.0 250.0 223.0 3048.0 1483.0 163.0 
46827.0 2980.0 5291.0 399.0 244.0 344.0 4616.0 1315.0 184.0 
53059.0 3641.0 5394.0 365.0 268.0 401.0 5148.0 1340.0 197.0 
53283.0 3086.0 5862.0 537.0 258.0 419.0 4004.0 1289.0 195.0 
47992.0 2880.0 4100.0 466.0 261.0 392.0 4017.0 1270.0 206.0 
47620.0 3125.0 5873.0 551.0 174.0 405.0 3641.0 1655.0 189.0 
41437.0 2498.0 4520.0 423.0 143.0 368.0 3614.0 1397.0 188.0 
30483.0 1764.0 2911.0 336.0 79.0 249.0 3755.0 906.0 78.0 
23398.0 1417.0 2037.0 237.0 101.0 121.0 3202.0 672.0 76.0 
19020.0 1148.0 1237.0 179.0 51.0 151.0 2356.0 380.0 44.0 
13745.0 637.0 992.0 233.0 60.0 63.0 2289.0 201.0 26.0 
10751.0 578.0 682.0 71.0 22.0 52.0 2413.0 150.0 40.0 
11124.0 648.0 745.0 89.0 35.0 47.0 1147.0 285.0 32.0 
28838.0 1129.0 2154.0 160.0 119.0 197.0 1932.0 460.0 83.0 
18290.0 927.0 1357.0 107.0 45.0 89.0 1455.0 232.0 60.0 
28838.0 1129.0 2154.0 160.0 119.0 197.0 1932.0 460.0 83.0 
18290.0 927.0 1357.0 107.0 45.0 89.0 1455.0 232.0 60.0 
31515.0 1703.0 2813.0 272.0 116.0 245.0 2378.0 659.0 113.0 
37054.0 2097.0 3293.0 378.0 143.0 241.0 3936.0 752.0 160.0 
39128.0 2637.0 3659.0 413.0 124.0 300.0 3323.0 1185.0 205.0 
46403.0 2536.0 3722.0 518.0 156.0 461.0 3571.0 1323.0 128.0 
41171.0 2036.0 3202.0 395.0 242.0 561.0 4331.0 1099.0 98.0 
48818.0 2460.0 3231.0 808.0 173.0 497.0 4373.0 1241.0 122.0 
46245.0 1984.0 2888.0 490.0 240.0 320.0 3746.0 1898.0 139.0 
48714.0 2388.0 2813.0 533.0 256.0 687.0 4660.0 1775.0 191.0 
44436.0 2266.0 3034.0 684.0 135.0 466.0 3516.0 1550.0 359.0 
43014.0 2250.0 2863.0 800.0 116.0 712.0 3652.0 1299.0 156.0 
45334.0 2554.0 3230.0 476.0 124.0 442.0 2981.0 1192.0 140.0 
44268.0 2059.0 3326.0 576.0 133.0 456.0 3791.0 1130.0 169.0 
50804.0 2664.0 2801.0 563.0 169.0 430.0 4339.0 1105.0 110.0 
59951.0 2091.0 3145.0 487.0 201.0 567.0 5219.0 1284.0 109.0 
61756.0 3299.0 4324.0 794.0 151.0 488.0 5255.0 1581.0 124.0 
49300.0 2408.0 2875.0 617.0 229.0 369.0 4277.0 1108.0 125.0 
32681.0 1534.0 2182.0 340.0 135.0 352.0 2603.0 624.0 73.0 
24131.0 2229.0 1768.0 173.0 166.0 746.0 1891.0 470.0 84.0 
21672.0 1170.0 1266.0 200.0 54.0 221.0 1495.0 449.0 42.0 
13513.0 781.0 806.0 148.0 32.0 77.0 1479.0 256.0 14.0 
10110.0 609.0 469.0 85.0 32.0 112.0 1200.0 182.0 16.0 
12063.0 635.0 545.0 68.0 24.0 157.0 2332.0 271.0 29.0 
17165.0 912.0 1113.0 105.0 63.0 154.0 1848.0 413.0 67.0 
21092.0 1290.0 1796.0 150.0 117.0 190.0 2126.0 596.0 72.0 
27609.0 1769.0 1972.0 324.0 104.0 269.0 1860.0 535.0 138.0 
31199.0 1653.0 2362.0 202.0 189.0 417.0 2873.0 1272.0 212.0 
35524.0 2005.0 2577.0 224.0 148.0 311.0 3320.0 3066.0 256.0 
34554.0 1786.0 2443.0 296.0 149.0 330.0 2752.0 1670.0 213.0 
37329.0 1867.0 3010.0 311.0 103.0 375.0 2419.0 1342.0 525.0 
39401.0 1921.0 2341.0 288.0 107.0 394.0 2650.0 1585.0 193.0 
38326.0 2040.0 3050.0 413.0 194.0 391.0 3385.0 1362.0 155.0 
38139.0 2136.0 3058.0 297.0 188.0 427.0 3221.0 958.0 183.0 
41624.0 2501.0 3025.0 314.0 121.0 338.0 2731.0 721.0 140.0 
39676.0 2098.0 2740.0 461.0 131.0 408.0 2408.0 1035.0 150.0 
40226.0 2445.0 2949.0 833.0 100.0 301.0 4204.0 1064.0 148.0 
50274.0 2448.0 2846.0 499.0 145.0 348.0 3053.0 878.0 120.0 
50829.0 2613.0 2597.0 581.0 139.0 329.0 3003.0 929.0 187.0 
49127.0 2300.0 2724.0 1640.0 172.0 267.0 2954.0 1277.0 125.0 
41659.0 2822.0 2566.0 778.0 113.0 443.0 2729.0 595.0 130.0 
35964.0 1644.0 2638.0 918.0 119.0 371.0 2398.0 554.0 115.0 
31159.0 1798.0 2436.0 426.0 127.0 195.0 1876.0 520.0 145.0 
22981.0 1338.0 1416.0 381.0 99.0 149.0 2988.0 525.0 59.0 
9184.0 613.0 509.0 126.0 73.0 53.0 635.0 119.0 28.0 
11678.0 600.0 624.0 143.0 42.0 81.0 861.0 189.0 14.0 
9301.0 557.0 606.0 132.0 61.0 124.0 689.0 277.0 13.0 
10222.0 430.0 478.0 77.0 44.0 158.0 785.0 165.0 36.0 
14539.0 790.0 698.0 289.0 61.0 135.0 1160.0 205.0 46.0 
19486.0 1244.0 1427.0 312.0 92.0 307.0 1380.0 414.0 59.0 
25939.0 1806.0 2147.0 460.0 114.0 254.0 1700.0 518.0 129.0 
30628.0 2368.0 3143.0 371.0 137.0 387.0 1778.0 734.0 71.0 
33617.0 2209.0 2826.0 574.0 133.0 354.0 2123.0 613.0 64.0 
33121.0 2096.0 3136.0 404.0 100.0 268.0 2306.0 640.0 121.0 
35610.0 2017.0 3023.0 688.0 115.0 514.0 2304.0 832.0 114.0 
36054.0 1619.0 2929.0 510.0 487.0 302.0 2821.0 684.0 103.0 
39670.0 1861.0 2550.0 312.0 273.0 581.0 4252.0 489.0 163.0 
36288.0 2437.0 2609.0 460.0 214.0 385.0 2436.0 455.0 113.0 
34899.0 2300.0 2499.0 453.0 179.0 425.0 3940.0 478.0 122.0 
33644.0 1995.0 2296.0 361.0 131.0 336.0 3085.0 424.0 83.0 
15555.0 853.0 978.0 353.0 78.0 183.0 1105.0 291.0 44.0 
38196.0 2280.0 3177.0 901.0 158.0 536.0 2306.0 814.0 88.0 
37008.0 2313.0 2393.0 740.0 145.0 762.0 2392.0 994.0 113.0 
16054.0 838.0 1038.0 285.0 49.0 281.0 750.0 386.0 40.0 
23312.0 1469.0 1746.0 405.0 71.0 478.0 2063.0 712.0 55.0 
6273.0 404.0 518.0 66.0 32.0 160.0 470.0 247.0 12.0 
20780.0 1449.0 1392.0 340.0 66.0 289.0 1040.0 392.0 53.0 
18779.0 1051.0 997.0 264.0 78.0 280.0 1437.0 362.0 44.0 
16756.0 780.0 832.0 192.0 86.0 211.0 1886.0 299.0 44.0 
11595.0 522.0 423.0 128.0 60.0 89.0 1517.0 160.0 38.0 
9627.0 511.0 403.0 105.0 68.0 87.0 953.0 123.0 12.0 
10556.0 504.0 394.0 105.0 18.0 92.0 904.0 126.0 16.0 
17449.0 846.0 587.0 211.0 12.0 216.0 1285.0 342.0 22.0 
22603.0 1230.0 865.0 629.0 66.0 230.0 1524.0 875.0 18.0 
26217.0 1603.0 1917.0 299.0 55.0 375.0 1798.0 777.0 113.0 
28685.0 1957.0 2042.0 273.0 97.0 616.0 2006.0 757.0 87.0 
36798.0 2115.0 2373.0 421.0 114.0 441.0 3046.0 697.0 157.0 
5772.0 211.0 326.0 141.0 45.0 80.0 574.0 86.0 26.0 
2720.0 124.0 140.0 63.0 30.0 10.0 189.0 23.0 12.0 
21640.0 1106.0 1427.0 1305.0 96.0 273.0 1547.0 543.0 40.0 
1356.0 67.0 81.0 20.0 4.0 27.0 154.0 31.0 4.0 
32947.0 1768.0 1941.0 426.0 238.0 335.0 3400.0 560.0 96.0 
32583.0 1992.0 2475.0 418.0 144.0 284.0 2631.0 720.0 98.0 
33261.0 2282.0 2345.0 267.0 154.0 319.0 3133.0 628.0 40.0 
35224.0 2816.0 2722.0 325.0 113.0 414.0 2523.0 643.0 182.0 
36232.0 2431.0 3277.0 440.0 284.0 363.0 3511.0 697.0 127.0 
35532.0 2173.0 2502.0 210.0 118.0 455.0 6528.0 522.0 92.0 
35658.0 2514.0 2560.0 263.0 116.0 426.0 3617.0 693.0 66.0 
31702.0 2750.0 2549.0 211.0 173.0 332.0 3479.0 663.0 44.0 
31355.0 2275.0 2174.0 325.0 162.0 494.0 2568.0 587.0 137.0 
16809.0 1314.0 1339.0 166.0 46.0 400.0 2127.0 277.0 48.0 
16529.0 1097.0 1356.0 154.0 82.0 294.0 1577.0 251.0 42.0 
14321.0 631.0 933.0 173.0 82.0 215.0 1240.0 236.0 28.0 
9305.0 494.0 463.0 100.0 36.0 156.0 1008.0 114.0 18.0 
7815.0 492.0 489.0 93.0 25.0 75.0 770.0 103.0 6.0 
10151.0 446.0 373.0 45.0 22.0 286.0 946.0 62.0 22.0 
11772.0 611.0 596.0 70.0 18.0 155.0 953.0 185.0 6.0 
16258.0 1424.0 975.0 62.0 40.0 232.0 1646.0 222.0 28.0 
20809.0 1444.0 2086.0 113.0 42.0 282.0 2034.0 480.0 61.0 
26883.0 1978.0 2579.0 232.0 83.0 499.0 2500.0 526.0 70.0 
28486.0 1981.0 2729.0 219.0 292.0 332.0 3307.0 350.0 89.0 
30518.0 1850.0 2435.0 382.0 229.0 830.0 3043.0 560.0 74.0 
31253.0 2068.0 2509.0 370.0 382.0 484.0 3184.0 683.0 72.0 
30698.0 2065.0 3109.0 402.0 158.0 279.0 3385.0 706.0 77.0 
31214.0 1900.0 2865.0 478.0 137.0 252.0 4446.0 738.0 75.0 
28798.0 1995.0 2522.0 311.0 147.0 464.0 3476.0 671.0 74.0 
27665.0 1614.0 2590.0 445.0 165.0 342.0 2572.0 662.0 78.0 
28278.0 2859.0 2543.0 254.0 113.0 264.0 2696.0 646.0 122.0 
11531.0 1318.0 1024.0 108.0 42.0 126.0 954.0 234.0 30.0 
3199.0 259.0 225.0 68.0 18.0 32.0 699.0 85.0 12.0 
39088.0 2555.0 3014.0 1037.0 128.0 279.0 2826.0 810.0 82.0 
37910.0 2498.0 3280.0 489.0 171.0 512.0 4142.0 1099.0 345.0 
33247.0 2874.0 3040.0 375.0 92.0 481.0 3341.0 779.0 221.0 
26369.0 1879.0 2828.0 263.0 65.0 354.0 2274.0 716.0 212.0 
22024.0 1955.0 2088.0 146.0 89.0 225.0 1582.0 768.0 138.0 
17508.0 1146.0 1403.0 169.0 74.0 163.0 1444.0 404.0 108.0 
13688.0 953.0 1040.0 88.0 45.0 141.0 1991.0 313.0 123.0 
11039.0 623.0 698.0 59.0 46.0 63.0 999.0 202.0 32.0 
10688.0 603.0 707.0 35.0 72.0 76.0 1547.0 210.0 108.0 
8021.0 462.0 554.0 82.0 62.0 65.0 772.0 118.0 14.0 
11849.0 644.0 592.0 100.0 76.0 63.0 975.0 177.0 24.0 
14779.0 976.0 996.0 224.0 91.0 144.0 2015.0 298.0 78.0 
19810.0 1314.0 1557.0 105.0 88.0 175.0 2087.0 456.0 117.0 
26918.0 1575.0 2073.0 161.0 143.0 272.0 1530.0 482.0 123.0 
33008.0 1571.0 2591.0 286.0 216.0 267.0 2270.0 531.0 124.0 
33638.0 1806.0 3940.0 276.0 134.0 524.0 2948.0 401.0 119.0 
24150.0 1241.0 2101.0 234.0 157.0 269.0 1584.0 353.0 113.0 
38352.0 2174.0 2736.0 342.0 196.0 289.0 3875.0 791.0 398.0 
37510.0 1821.0 3521.0 494.0 158.0 246.0 4161.0 883.0 314.0 
42158.0 2085.0 3309.0 354.0 248.0 252.0 2388.0 568.0 216.0 
10365.0 511.0 979.0 98.0 41.0 177.0 1141.0 148.0 74.0 
38884.0 2213.0 3751.0 454.0 163.0 304.0 3125.0 868.0 161.0 
34991.0 2695.0 4205.0 451.0 147.0 308.0 2995.0 945.0 146.0 
35411.0 2298.0 3419.0 278.0 119.0 373.0 3841.0 965.0 174.0 
36621.0 1893.0 3966.0 559.0 90.0 218.0 3246.0 822.0 163.0 
38733.0 2129.0 3451.0 431.0 101.0 298.0 4411.0 747.0 150.0 
36472.0 2725.0 3199.0 319.0 101.0 433.0 4907.0 614.0 100.0 
32222.0 2148.0 3111.0 373.0 82.0 331.0 3853.0 519.0 173.0 
29449.0 1534.0 3507.0 207.0 73.0 216.0 2357.0 364.0 77.0 
21152.0 1142.0 2406.0 174.0 52.0 150.0 2189.0 264.0 63.0 
17770.0 955.0 2736.0 102.0 296.0 112.0 2978.0 186.0 35.0 
1056.0 42.0 107.0 6.0 4.0 10.0 105.0 8.0 10.0 
11870.0 384.0 532.0 66.0 57.0 79.0 1265.0 89.0 24.0 
6708.0 242.0 319.0 20.0 24.0 21.0 566.0 57.0 6.0 
15977.0 806.0 819.0 48.0 71.0 314.0 1697.0 310.0 184.0 
19617.0 1067.0 1255.0 140.0 58.0 175.0 1541.0 472.0 68.0 
9680.0 479.0 843.0 95.0 54.0 81.0 885.0 243.0 40.0 
28104.0 1498.0 2499.0 154.0 146.0 188.0 2695.0 641.0 72.0 
9993.0 476.0 961.0 60.0 60.0 74.0 752.0 214.0 38.0 
20229.0 1004.0 1839.0 151.0 116.0 133.0 1610.0 296.0 35.0 
5444.0 237.0 531.0 36.0 12.0 24.0 447.0 205.0 12.0 
21842.0 1114.0 1995.0 101.0 71.0 160.0 1899.0 416.0 59.0 
39835.0 2166.0 2862.0 356.0 100.0 251.0 2395.0 889.0 87.0 
10877.0 627.0 858.0 54.0 28.0 87.0 591.0 237.0 27.0 
35578.0 2175.0 3884.0 623.0 202.0 254.0 2827.0 1002.0 60.0 
5081.0 346.0 398.0 39.0 35.0 42.0 364.0 119.0 30.0 
20231.0 1663.0 1586.0 264.0 138.0 100.0 2774.0 549.0 58.0 
32460.0 2246.0 2639.0 263.0 139.0 327.0 2733.0 652.0 113.0 
6298.0 292.0 422.0 40.0 19.0 37.0 966.0 94.0 23.0 
29366.0 1808.0 2196.0 184.0 91.0 345.0 1842.0 853.0 36.0 
6343.0 299.0 595.0 39.0 45.0 40.0 444.0 104.0 20.0 
17661.0 897.0 1654.0 112.0 39.0 144.0 1622.0 369.0 22.0 
30294.0 1449.0 2014.0 242.0 65.0 216.0 2124.0 554.0 49.0 
11619.0 446.0 1080.0 65.0 30.0 68.0 675.0 261.0 16.0 
4581.0 194.0 362.0 36.0 10.0 28.0 282.0 90.0 2.0 
14682.0 641.0 1369.0 129.0 56.0 56.0 1113.0 709.0 26.0 
12976.0 514.0 837.0 84.0 56.0 67.0 881.0 439.0 10.0 
15947.0 688.0 1631.0 84.0 38.0 68.0 1798.0 423.0 65.0 
12646.0 631.0 894.0 119.0 25.0 60.0 1446.0 380.0 12.0 
23261.0 950.0 2326.0 644.0 60.0 152.0 2005.0 1041.0 62.0 
6093.0 279.0 699.0 99.0 28.0 51.0 380.0 174.0 13.0 
23732.0 1178.0 2968.0 269.0 106.0 271.0 1968.0 677.0 48.0 
44459.0 2572.0 5070.0 527.0 170.0 393.0 3490.0 2024.0 119.0 
0.0 0.0 0.0 0.0 0.0 0.0 0.0 0.0 0.0 
0.0 0.0 0.0 0.0 0.0 0.0 0.0 0.0 0.0 
0.0 0.0 0.0 0.0 0.0 0.0 0.0 0.0 0.0 
0.0 0.0 0.0 0.0 0.0 0.0 0.0 0.0 0.0 
0.0 0.0 0.0 0.0 0.0 0.0 0.0 0.0 0.0 
0.0 0.0 0.0 0.0 0.0 0.0 0.0 0.0 0.0 
44776.0 2950.0 5723.0 571.0 161.0 409.0 2991.0 1657.0 309.0 
50574.0 4293.0 6545.0 544.0 127.0 1018.0 3654.0 1818.0 232.0 
2147.0 171.0 268.0 26.0 4.0 75.0 154.0 73.0 8.0 
49342.0 3852.0 4811.0 465.0 121.0 865.0 3852.0 2139.0 102.0 
90968.0 3454.0 4269.0 1099.0 276.0 628.0 4529.0 17480.0 344.0 
33680.0 1363.0 3420.0 543.0 129.0 403.0 2229.0 5374.0 405.0 
67005.0 3722.0 6693.0 580.0 354.0 963.0 4857.0 13633.0 765.0 
56324.0 2697.0 5187.0 570.0 402.0 781.0 3697.0 8670.0 444.0 
43387.0 1769.0 3354.0 533.0 188.0 761.0 3058.0 5609.0 354.0 
2346.0 113.0 135.0 4.0 8.0 14.0 129.0 325.0 6.0 
18686.0 796.0 1140.0 147.0 72.0 434.0 1597.0 2600.0 54.0 
17717.0 775.0 1005.0 116.0 67.0 200.0 1516.0 2508.0 75.0 
19693.0 931.0 1063.0 80.0 89.0 258.0 1552.0 3183.0 73.0 
24240.0 1128.0 1361.0 171.0 138.0 356.0 1699.0 4755.0 167.0 
33488.0 1538.0 2110.0 186.0 219.0 567.0 2697.0 4031.0 190.0 
39554.0 1991.0 3025.0 291.0 282.0 532.0 2882.0 3741.0 304.0 
41858.0 1977.0 3392.0 431.0 233.0 671.0 3105.0 3448.0 388.0 
43232.0 2029.0 3029.0 367.0 169.0 460.0 4290.0 3836.0 219.0 
45919.0 2500.0 3590.0 447.0 297.0 403.0 2954.0 4006.0 306.0 
44929.0 2210.0 3632.0 517.0 154.0 478.0 3721.0 3938.0 264.0 
44040.0 2042.0 3725.0 416.0 259.0 351.0 3768.0 4555.0 217.0 
40891.0 2423.0 3749.0 298.0 187.0 320.0 4581.0 3516.0 157.0 
42716.0 1955.0 3129.0 557.0 200.0 379.0 4200.0 2868.0 178.0 
45914.0 2286.0 3811.0 547.0 156.0 289.0 3495.0 2423.0 144.0 
40152.0 2446.0 2970.0 594.0 101.0 231.0 3270.0 2847.0 220.0 
42184.0 2580.0 3045.0 4374.0 134.0 253.0 3844.0 3036.0 216.0 
47170.0 2567.0 12100.0 502.0 155.0 334.0 4775.0 2445.0 185.0 
45322.0 2627.0 7075.0 469.0 200.0 473.0 3944.0 2368.0 175.0 
43915.0 2325.0 7599.0 472.0 214.0 299.0 3860.0 1896.0 269.0 
42190.0 2949.0 6307.0 384.0 259.0 372.0 3947.0 2109.0 182.0 
35862.0 2774.0 4484.0 407.0 175.0 356.0 3426.0 1758.0 170.0 
17177.0 1111.0 1929.0 203.0 105.0 165.0 1441.0 791.0 30.0 
24724.0 1405.0 2136.0 192.0 110.0 157.0 2166.0 1005.0 122.0 
18313.0 833.0 1672.0 142.0 47.0 131.0 1547.0 660.0 117.0 
11648.0 671.0 992.0 134.0 56.0 90.0 1092.0 498.0 27.0 
9445.0 620.0 866.0 62.0 37.0 78.0 1106.0 862.0 23.0 
10044.0 607.0 801.0 84.0 56.0 64.0 1420.0 438.0 22.0 
14727.0 789.0 1177.0 110.0 53.0 92.0 1482.0 1592.0 44.0 
24530.0 1125.0 1935.0 122.0 70.0 130.0 2053.0 1563.0 105.0 
30324.0 1328.0 2712.0 184.0 80.0 312.0 2273.0 988.0 62.0 
37424.0 1716.0 2816.0 378.0 93.0 247.0 3115.0 1062.0 93.0 
45268.0 1910.0 2754.0 424.0 104.0 607.0 5041.0 1070.0 180.0 
14570.0 472.0 952.0 118.0 38.0 91.0 1046.0 448.0 74.0 
40805.0 1500.0 2753.0 305.0 109.0 551.0 4162.0 1215.0 123.0 
68496.0 1819.0 2557.0 265.0 167.0 415.0 9264.0 1059.0 1879.0 
67705.0 1582.0 2358.0 6045.0 163.0 327.0 9825.0 947.0 534.0 
69232.0 2049.0 3110.0 458.0 139.0 385.0 6286.0 857.0 304.0 
6164.0 164.0 232.0 40.0 20.0 20.0 582.0 69.0 10.0 
65347.0 2390.0 3002.0 388.0 94.0 452.0 5307.0 905.0 369.0 
70522.0 2214.0 2640.0 400.0 163.0 741.0 5545.0 1074.0 391.0 
0.0 0.0 0.0 0.0 0.0 0.0 0.0 0.0 0.0 
63624.0 2332.0 3084.0 589.0 207.0 302.0 5652.0 1095.0 359.0 
54799.0 2027.0 2904.0 333.0 147.0 370.0 5913.0 984.0 220.0 
27970.0 1103.0 1475.0 153.0 38.0 169.0 4826.0 333.0 165.0 
10513.0 388.0 1407.0 72.0 66.0 60.0 1180.0 195.0 68.0 
4175.0 203.0 325.0 96.0 12.0 33.0 393.0 38.0 58.0 
23920.0 1152.0 2459.0 146.0 153.0 120.0 2434.0 517.0 177.0 
17382.0 816.0 1250.0 255.0 87.0 95.0 1855.0 271.0 175.0 
12246.0 603.0 921.0 73.0 87.0 85.0 1249.0 226.0 33.0 
9332.0 524.0 624.0 44.0 39.0 52.0 1176.0 163.0 23.0 
11280.0 675.0 1021.0 62.0 41.0 56.0 1423.0 144.0 26.0 
17884.0 863.0 1194.0 98.0 129.0 110.0 2028.0 254.0 14.0 
22108.0 1118.0 1600.0 206.0 210.0 326.0 2299.0 345.0 78.0 
27856.0 1546.0 2375.0 285.0 245.0 214.0 2697.0 444.0 57.0 
32161.0 2231.0 2553.0 821.0 222.0 207.0 3596.0 911.0 188.0 
36241.0 2277.0 3037.0 611.0 237.0 246.0 3434.0 744.0 119.0 
39674.0 2622.0 3182.0 572.0 234.0 229.0 3169.0 891.0 185.0 
39822.0 2232.0 2794.0 374.0 267.0 231.0 3731.0 655.0 229.0 
24822.0 1529.0 1729.0 194.0 153.0 150.0 2521.0 487.0 90.0 
38654.0 2595.0 3083.0 1957.0 152.0 381.0 3281.0 804.0 128.0 
40463.0 2808.0 2745.0 3546.0 301.0 245.0 3402.0 680.0 135.0 
37297.0 2670.0 2873.0 381.0 623.0 414.0 2968.0 692.0 112.0 
40807.0 2931.0 2758.0 439.0 389.0 309.0 4453.0 1040.0 127.0 
43753.0 2935.0 3892.0 409.0 359.0 369.0 3640.0 630.0 65.0 
40677.0 3117.0 3428.0 453.0 189.0 310.0 3510.0 807.0 137.0 
39407.0 3146.0 3466.0 525.0 168.0 264.0 3669.0 808.0 105.0 
39890.0 2654.0 3229.0 471.0 182.0 276.0 4001.0 1023.0 76.0 
36938.0 2667.0 3760.0 486.0 102.0 279.0 3359.0 1267.0 107.0 
31483.0 2509.0 3038.0 529.0 117.0 677.0 3350.0 1017.0 61.0 
24669.0 1714.0 1983.0 491.0 68.0 258.0 3721.0 579.0 145.0 
17928.0 1173.0 1541.0 247.0 92.0 155.0 1845.0 396.0 210.0 
15171.0 788.0 1204.0 255.0 48.0 107.0 1842.0 289.0 130.0 
11842.0 484.0 632.0 132.0 74.0 121.0 1378.0 212.0 24.0 
8410.0 393.0 628.0 81.0 31.0 71.0 1093.0 133.0 66.0 
9123.0 400.0 449.0 94.0 48.0 64.0 1068.0 141.0 12.0 
11371.0 585.0 774.0 200.0 39.0 129.0 1094.0 301.0 20.0 
15985.0 1232.0 1097.0 160.0 33.0 106.0 1456.0 470.0 30.0 
21379.0 1646.0 2168.0 218.0 46.0 139.0 2009.0 599.0 44.0 
28814.0 2053.0 2839.0 618.0 127.0 259.0 2159.0 838.0 66.0 
35390.0 2238.0 8269.0 654.0 107.0 256.0 2781.0 938.0 130.0 
38999.0 2795.0 5968.0 480.0 173.0 713.0 4760.0 758.0 95.0 
34240.0 2623.0 4894.0 469.0 67.0 562.0 3207.0 726.0 136.0 
33139.0 2267.0 4574.0 470.0 125.0 337.0 2884.0 824.0 138.0 
32563.0 2611.0 4707.0 564.0 215.0 351.0 2469.0 672.0 107.0 
33275.0 2404.0 4089.0 441.0 178.0 297.0 3062.0 581.0 103.0 
35453.0 2618.0 4062.0 5498.0 167.0 389.0 3167.0 555.0 84.0 
35424.0 2515.0 4445.0 472.0 219.0 489.0 3893.0 925.0 76.0 
29987.0 2684.0 4134.0 425.0 164.0 379.0 3458.0 809.0 62.0 
31641.0 2668.0 3715.0 300.0 130.0 369.0 4543.0 645.0 65.0 
29981.0 2414.0 3236.0 434.0 137.0 296.0 3656.0 598.0 86.0 
30480.0 2029.0 3288.0 3542.0 146.0 300.0 3007.0 689.0 120.0 
26847.0 2375.0 3875.0 362.0 145.0 238.0 2356.0 519.0 117.0 
24864.0 2162.0 2708.0 432.0 78.0 270.0 2231.0 700.0 104.0 
23020.0 1859.0 3825.0 295.0 112.0 167.0 3868.0 430.0 53.0 
20275.0 1456.0 2149.0 250.0 61.0 194.0 3870.0 405.0 54.0 
13801.0 974.0 1475.0 312.0 31.0 137.0 1964.0 307.0 38.0 
9649.0 682.0 1180.0 178.0 96.0 92.0 1549.0 161.0 26.0 
7641.0 612.0 1023.0 169.0 34.0 78.0 1375.0 131.0 12.0 
10158.0 553.0 739.0 133.0 33.0 75.0 1959.0 148.0 24.0 
11578.0 832.0 955.0 308.0 34.0 165.0 3049.0 166.0 32.0 
15271.0 1176.0 1220.0 109.0 97.0 107.0 3344.0 310.0 32.0 
22094.0 2122.0 2536.0 191.0 83.0 156.0 6431.0 460.0 60.0 
29792.0 2574.0 2920.0 215.0 158.0 282.0 6541.0 672.0 96.0 
36136.0 2299.0 3045.0 312.0 155.0 313.0 4528.0 802.0 108.0 
------------- PREDICTION BELOW -----------------

42.0 36.0 46.0 30.0 30.0 30.0 43.0 43.0 41.0 42.0 42.0 40.0 42.0 42.0 42.0 42.0 41.0 42.0 42.0 42.0 42.0 43.0 42.0 

42.0 42.0 36.0 43.0 30.0 30.0 30.0 47.0 36.0 42.0 42.0 42.0 42.0 42.0 42.0 42.0 42.0 42.0 42.0 36.0 41.0 42.0 42.0 

41.0 42.0 42.0 40.0 43.0 43.0 30.0 30.0 46.0 41.0 42.0 42.0 42.0 42.0 42.0 42.0 42.0 42.0 42.0 42.0 42.0 42.0 42.0 

42.0 42.0 42.0 40.0 43.0 43.0 30.0 43.0 30.0 30.0 46.0 43.0 38.0 42.0 42.0 42.0 42.0 42.0 42.0 42.0 42.0 42.0 42.0 

42.0 42.0 42.0 42.0 41.0 41.0 30.0 30.0 43.0 30.0 30.0 43.0 41.0 43.0 42.0 43.0 41.0 40.0 41.0 41.0 42.0 42.0 42.0 

41.0 42.0 42.0 42.0 42.0 30.0 46.0 30.0 30.0 43.0 43.0 30.0 43.0 40.0 41.0 43.0 43.0 42.0 42.0 42.0 42.0 42.0 41.0 

42.0 42.0 42.0 43.0 42.0 42.0 42.0 46.0 43.0 30.0 43.0 43.0 30.0 43.0 38.0 42.0 42.0 42.0 42.0 42.0 42.0 42.0 45.0 

45.0 42.0 42.0 42.0 36.0 42.0 30.0 41.0 46.0 43.0 30.0 30.0 30.0 30.0 43.0 41.0 42.0 42.0 42.0 42.0 42.0 42.0 42.0 

42.0 42.0 42.0 42.0 42.0 42.0 42.0 42.0 41.0 40.0 43.0 30.0 43.0 30.0 41.0 43.0 41.0 43.0 41.0 42.0 42.0 42.0 42.0 

42.0 42.0 42.0 42.0 42.0 42.0 42.0 42.0 42.0 42.0 42.0 40.0 43.0 46.0 30.0 43.0 30.0 43.0 46.0 41.0 41.0 42.0 42.0 

42.0 42.0 42.0 42.0 42.0 42.0 42.0 42.0 42.0 42.0 42.0 42.0 41.0 43.0 43.0 30.0 43.0 43.0 30.0 47.0 41.0 41.0 40.0 

40.0 42.0 42.0 42.0 42.0 42.0 40.0 30.0 42.0 42.0 30.0 43.0 43.0 47.0 43.0 43.0 30.0 43.0 43.0 43.0 43.0 41.0 41.0 

42.0 43.0 43.0 46.0 43.0 49.0 40.0 40.0 42.0 42.0 42.0 42.0 41.0 41.0 43.0 30.0 30.0 43.0 43.0 43.0 30.0 30.0 46.0 

41.0 37.0 41.0 41.0 41.0 41.0 37.0 41.0 41.0 30.0 43.0 42.0 42.0 40.0 41.0 46.0 43.0 30.0 30.0 43.0 43.0 30.0 30.0 

47.0 41.0 40.0 42.0 43.0 42.0 42.0 42.0 43.0 42.0 42.0 42.0 42.0 42.0 42.0 41.0 41.0 46.0 43.0 43.0 30.0 43.0 30.0 

47.0 43.0 41.0 43.0 47.0 43.0 46.0 42.0 30.0 42.0 43.0 46.0 40.0 43.0 41.0 43.0 43.0 41.0 30.0 43.0 30.0 30.0 30.0 

30.0 43.0 43.0 43.0 42.0 43.0 43.0 43.0 43.0 43.0 43.0 42.0 42.0 43.0 42.0 42.0 40.0 42.0 42.0 42.0 43.0 43.0 43.0 

43.0 41.0 40.0 42.0 42.0 42.0 42.0 42.0 42.0 42.0 42.0 42.0 42.0 42.0 42.0 42.0 42.0 42.0 42.0 43.0 43.0 43.0 30.0 

43.0 43.0 30.0 43.0 41.0 42.0 42.0 30.0 42.0 42.0 42.0 42.0 43.0 42.0 42.0 43.0 42.0 42.0 41.0 43.0 43.0 43.0 43.0 

30.0 43.0 30.0 43.0 46.0 41.0 41.0 42.0 42.0 42.0 43.0 42.0 42.0 42.0 42.0 42.0 42.0 42.0 42.0 42.0 41.0 38.0 43.0 

30.0 30.0 43.0 43.0 30.0 30.0 46.0 41.0 42.0 45.0 42.0 40.0 40.0 42.0 42.0 42.0 41.0 41.0 41.0 41.0 41.0 36.0 43.0 

43.0 30.0 43.0 43.0 43.0 30.0 30.0 43.0 41.0 42.0 ------------- PREDICTION per 24 hours BELOW -----------------

40.3043478261
39.8695652174
41.0434782609
40.5217391304
39.7391304348
40.0869565217
41.3043478261
39.4347826087
40.8695652174
41.2608695652
41.1304347826
40.7391304348
40.6086956522
38.8695652174
41.347826087
40.3043478261
41.9565217391
41.5217391304
41.2608695652
41.0
39.652173913
